chr	str	end	type	specificity	length	nCG	areaStat	Human_ND	Human_OD	Chimp_ND	Chimp_OD	Macaq_ND	Macaq_OD	Bonferroni_interaction_HvsC	Bonferroni_interaction_MvsC	Bonferroni_interaction_MvsH
chr9	36778622	36780477	Chimp_hyper_ND	Chimp-specific	1856	18	141.263771163865	0.5542	0.5422	0.8621	0.3326	0.6362	0.6984	2.20323842045544e-54	8.57240148289016e-56	0.00759716179644791
chr17	75652976	75654585	Chimp_hyper_ND	Chimp-specific	1610	16	123.941674326924	0.2504	0.3982	0.6015	0.2749	0.1781	0.4862	2.13385838281696e-40	1.42736817513757e-73	3.67477509953697e-10
chr6	137652137	137655405	Chimp_hyper_ND	Chimp-specific	3269	17	98.47512851817	0.6427	0.6662	0.9238	0.694	0.6618	0.5554	5.84924626360982e-29	2.65018084997279e-12	6.87726189584974e-07
chr2	120771455	120772322	Chimp_hyper_ND	Chimp-specific	868	13	92.3073117396432	0.437	0.318	0.5729	0.158	0.4817	0.341	2.05916962509423e-25	8.17954668484567e-17	0.0515327504841873
chr9	36892257	36894057	Chimp_hyper_ND	Chimp-specific	1801	13	91.742528605005	0.7157	0.7199	0.9487	0.689	0.6983	0.7701	4.9776314134295e-38	8.7116594679298e-51	2.62327529621287e-07
chr4	83704723	83707149	Chimp_hyper_ND	Chimp-specific	2427	18	89.1676884463389	0.4453	0.2822	0.7028	0.2192	0.4972	0.4203	1.94566341457055e-22	1.09403541315273e-29	0.133996062474438
chr15	50193906	50195753	Chimp_hyper_ND	Chimp-specific	1848	11	85.6571726538222	0.3324	0.3134	0.8458	0.3186	0.4609	0.5645	2.81943343271552e-42	6.6457746681584e-25	0.0714768664897305
chr6	28511377	28512103	Chimp_hyper_ND	Chimp-specific	727	12	85.5318555539898	0.342	0.2977	0.5674	0.1821	0.0638	0.0831	2.70576330221055e-24	2.25274351058317e-41	0.0275079343250114
chr17	34995263	34996821	Chimp_hyper_ND	Chimp-specific	1559	16	82.7748073208633	0.6606	0.7816	0.9369	0.8036	0.669	0.673	1.30643058128784e-19	1.41159065397444e-12	0.000260021887703688
chr15	82169934	82170446	Chimp_hyper_ND	Chimp-specific	513	11	73.8010004580791	0.1155	0.0366	0.4952	0.0758	0.1148	0.0219	5.98868279618912e-16	4.98897018194152e-16	0.399149717415638
chr14	60431848	60432212	Chimp_hyper_ND	Chimp-specific	365	7	68.6026241465429	0.0914	0.0121	0.9211	0.283	0.3125	0.2195	2.16136991712836e-27	7.81510888682553e-39	0.00462841654602555
chr6	138805410	138806508	Chimp_hyper_ND	Chimp-specific	1099	11	68.5576108328102	0.3725	0.1691	0.7575	0.1902	0.3674	0.1338	1.48116058931111e-25	4.19436859298827e-16	0.0145090546731582
chr7	149112512	149113234	Chimp_hyper_ND	Chimp-specific	723	14	64.8164670995896	0.3977	0.5296	0.7383	0.5375	0.2436	0.3057	2.05037363016092e-37	2.49132272803837e-16	0.162362460973694
chr4	99276670	99277323	Chimp_hyper_ND	Chimp-specific	654	9	64.1172123025415	0.6772	0.6644	0.9276	0.6662	0.5256	0.4072	7.49993802057133e-46	8.23289234996485e-11	1.28042359662117e-05
chr2	47572111	47572617	Chimp_hyper_ND	Chimp-specific	507	10	61.9003807488034	0.3666	0.0053	0.8126	0.05	0.3724	0.0531	1.80678181644055e-11	4.30748723443482e-27	6.32511894207861e-05
chr12	128865964	128866834	Chimp_hyper_ND	Chimp-specific	871	13	61.8410172089377	0.3477	0.0375	0.6551	0.0549	0.158	0.0046	9.65146924784987e-11	3.49357587364442e-19	0.0677050594181602
chr2	115300843	115301878	Chimp_hyper_ND	Chimp-specific	1036	9	61.2158078838822	0.4566	0.1541	0.7942	0.2084	0.5701	0.4517	1.87677891545437e-13	6.12419830740117e-27	0.000158384030996883
chr16	65430758	65431637	Chimp_hyper_ND	Chimp-specific	880	9	60.8922232680643	0.6511	0.6424	0.887	0.5802	0.4496	0.4555	8.80598222082e-23	5.10813542460383e-24	0.336174829800326
chr13	71879204	71880270	Chimp_hyper_ND	Chimp-specific	1067	10	60.680362106589	0.7946	0.8509	0.9511	0.8164	0.78	0.748	3.05213422791624e-21	1.11535870484835e-06	0.000870089799786801
chr22	34983709	34984327	Chimp_hyper_ND	Chimp-specific	619	8	60.2397836911745	0.4851	0.1776	0.7993	0.1331	0.6401	0.2882	2.03966676003541e-33	1.24611381879992e-15	0.0834870734381971
chr4	2764464	2766635	Chimp_hyper_ND	Chimp-specific	2172	11	60.1935938381439	0.4632	0.4026	0.9151	0.54	0.2526	0.2074	1.85642112562834e-13	2.43092360347146e-12	0.970593313551857
chr6	26017331	26017619	Chimp_hyper_ND	Chimp-specific	289	12	59.4200473845337	0.2017	0.2767	0.5326	0.3318	0.2107	0.2606	1.13758220723387e-13	7.27650652101743e-15	0.449222986117181
chr5	89909481	89910270	Chimp_hyper_ND	Chimp-specific	790	7	59.1152994386413	0.4282	0.5163	0.8485	0.4681	0.5299	0.4358	4.28324867720668e-28	3.80607449905402e-11	2.34185689067929e-07
chr1	234749041	234749468	Chimp_hyper_ND	Chimp-specific	428	9	57.8069134861989	0.3665	0.0863	0.7099	0.1084	0.3528	0.1787	1.11587526968933e-25	2.46933649505079e-32	1.20420977331591e-08
chr21	17566717	17567599	Chimp_hyper_ND	Chimp-specific	883	12	56.8425592945494	0.6648	0.0135	0.8489	0.01	0.5686	0.0278	5.409447820736e-08	1.29209794878145e-13	0.000107713844606458
chr6	21277721	21278888	Chimp_hyper_ND	Chimp-specific	1168	14	54.4781288286609	0.4521	0.336	0.6716	0.3043	0.1916	0.0795	8.55484383716117e-12	2.21692304494669e-12	0.123985368959649
chr3	192231716	192232115	Chimp_hyper_ND	Chimp-specific	400	11	54.2694718816324	0.2188	0.1413	0.3616	0.0775	0.256	0.1779	3.34672042794076e-06	5.0933270372868e-07	0.389418579226033
chr1	245292152	245292702	Chimp_hyper_ND	Chimp-specific	551	8	53.9559693017486	0.7025	0.7192	0.9151	0.5794	0.5146	0.4636	3.66314603295527e-23	3.16519762919256e-10	0.0780192692054373
chr19	57494456	57494885	Chimp_hyper_ND	Chimp-specific	430	7	53.8835620727132	0.3317	0.3514	0.8768	0.4589	0.3094	0.4772	9.23665039600023e-44	1.23265244219169e-48	2.50199170315677e-05
chr5	135372975	135373800	Chimp_hyper_ND	Chimp-specific	826	8	53.1491786495638	0.787	0.7787	0.9516	0.6938	0.5216	0.5346	1.35534690490531e-33	6.5021148576344e-21	0.374734510281152
chr12	82194017	82194304	Chimp_hyper_ND	Chimp-specific	288	7	51.700924638902	0.6425	0.6768	0.8455	0.4728	0.4737	0.4293	3.49542675918028e-20	4.65076567585241e-12	0.248595149467536
chr7	24796009	24798175	Chimp_hyper_ND	Chimp-specific	2167	8	50.9878860427397	0.0891	0.1099	0.7379	0.3915	0.0638	0.0417	1.24369021480773e-53	1.16327699565507e-31	2.29121454500469e-05
chr7	137380355	137381820	Chimp_hyper_ND	Chimp-specific	1466	9	50.1809504753538	0.6724	0.5439	0.8259	0.6273	0.5464	0.6486	4.50504835204434e-06	6.16438991008697e-45	8.48265059014936e-26
chr6	123154275	123155265	Chimp_hyper_ND	Chimp-specific	991	8	49.4473857093119	0.5263	0.3009	0.8039	0.2556	0.474	0.3202	7.50438676095873e-23	2.82566718686355e-29	0.0202230979203766
chr4	41876040	41876600	Chimp_hyper_ND	Chimp-specific	561	11	48.7938277818612	0.5864	0.6909	0.8285	0.6861	0.3623	0.4733	8.58537960280326e-15	3.49356421303945e-13	0.939146497994395
chr6	143268907	143269186	Chimp_hyper_ND	Chimp-specific	280	11	48.6647757473995	0.1952	0.0673	0.4107	0.0664	0.112	0.0342	6.0844163916388e-07	4.6594114332283e-08	0.535324802810919
chr2	5623244	5623609	Chimp_hyper_ND	Chimp-specific	366	6	44.3191690245453	0.506	0.4066	0.8958	0.4621	0.4697	0.2229	8.55470047117968e-13	3.07625194671364e-07	0.00857764030088998
chr19	5417709	5418029	Chimp_hyper_ND	Chimp-specific	321	9	43.5093335195683	0.3527	0.1104	0.6461	0.0729	0.3142	0.0529	4.72529380789368e-10	4.1310569166506e-10	0.0885768162013751
chr9	99226607	99227094	Chimp_hyper_ND	Chimp-specific	488	7	43.2183984573374	0.7013	0.3613	0.9217	0.2506	0.8078	0.73	1.25586061177609e-16	5.77020017143552e-19	0.000184992523572372
chr3	130147107	130149703	Chimp_hyper_ND	Chimp-specific	2597	7	42.8590635584115	0.5627	0.6449	0.8169	0.5591	0.6794	0.5978	1.13422030470827e-17	2.37831537933811e-06	0.000516678459662039
chr15	40337180	40337587	Chimp_hyper_ND	Chimp-specific	408	8	42.6413658623441	0.178	0.007	0.5349	0.0238	0.1626	0.0374	4.59760019386572e-15	3.61829101441644e-52	5.20768585058433e-05
chr3	44148210	44148501	Chimp_hyper_ND	Chimp-specific	292	5	42.4065048369135	0.1598	0.0304	0.681	0.0601	0.3637	0.4489	3.85595809165366e-19	3.87795416735664e-35	1.44312077875289e-09
chr21	44161816	44162459	Chimp_hyper_ND	Chimp-specific	644	10	42.0978289027969	0.4997	0.4739	0.8284	0.5774	0.3341	0.3774	7.96082815067095e-07	6.00992359829806e-16	0.124914755796547
chr8	60556506	60556967	Chimp_hyper_ND	Chimp-specific	462	4	41.2696182164398	0.3373	0.3844	0.714	0.2394	0.0582	0.0365	1.9025672086474e-76	4.89881287034245e-43	0.000259886541639299
chr2	6120445	6120683	Chimp_hyper_ND	Chimp-specific	239	7	40.9449688525399	0.2481	0.3024	0.6778	0.3085	0.3572	0.3068	1.00795205537609e-10	8.58506270255991e-05	0.000414937611804023
chr6	154799632	154800785	Chimp_hyper_ND	Chimp-specific	1154	9	40.5397112022324	0.6452	0.4355	0.8882	0.4091	0.7224	0.4483	2.11401319316233e-15	4.80757639953058e-09	0.846760726281038
chr6	34118930	34119252	Chimp_hyper_ND	Chimp-specific	323	6	38.3296694560133	0.5494	0.2482	0.8493	0.1654	0.6412	0.3191	4.13136980618214e-19	1.30243595989233e-21	0.882168458185473
chr17	74977608	74977876	Chimp_hyper_ND	Chimp-specific	269	6	38.1217680057577	0.6615	0.759	0.9013	0.6095	0.4139	0.5942	5.63402211683964e-23	2.34146355375174e-24	0.197472116956492
chr1	245127396	245127795	Chimp_hyper_ND	Chimp-specific	400	8	37.5412699051715	0.3311	0.1798	0.6428	0.1883	0.3536	0.1091	1.64750686085858e-09	0.0013640678192882	0.00778620714398045
chr5	88999279	89000180	Chimp_hyper_ND	Chimp-specific	902	8	37.3344728984472	0.6094	0.5975	0.7637	0.5636	0.4654	0.5254	5.81472505787203e-08	3.07847381783705e-14	0.0691363101622604
chr17	40541192	40541307	Chimp_hyper_ND	Chimp-specific	116	7	36.9596762334375	0.0554	0.0801	0.3331	0.1368	0.0411	0.0309	2.01072288570116e-13	2.16871072624044e-07	0.0262055267139289
chr5	75919073	75919481	Chimp_hyper_ND	Chimp-specific	409	7	36.7474956726668	0.7526	0.2396	0.9147	0.1987	0.7799	0.5573	6.56684644888781e-11	2.09668481512766e-21	7.91345370556534e-11
chr6	170603777	170604243	Chimp_hyper_ND	Chimp-specific	467	8	36.1966748051012	0.3282	0.1106	0.6835	0.1336	0.2746	0.0727	4.00301044330273e-12	3.00223028264429e-12	0.577299400801745
chr11	129246386	129246684	Chimp_hyper_ND	Chimp-specific	299	8	36.0145292295699	0.2026	0.2395	0.4945	0.2821	0.1856	0.1523	3.75525088693468e-22	2.02636343793412e-07	4.70297453698507e-06
chr12	80610633	80612214	Chimp_hyper_ND	Chimp-specific	1582	8	35.9676112511753	0.7205	0.7887	0.934	0.8246	0.6826	0.6957	2.81212637223804e-16	1.88143113144325e-10	0.0483825822096511
chr10	119998116	119998552	Chimp_hyper_ND	Chimp-specific	437	8	35.8122256537136	0.6831	0.6467	0.8864	0.6931	0.5837	0.6721	6.62362330575175e-08	5.50137196616952e-19	4.54958983024455e-05
chr1	20451530	20451847	Chimp_hyper_ND	Chimp-specific	318	7	35.5686287584388	0.5546	0.5847	0.8335	0.6026	0.3023	0.3486	1.76044665993877e-14	1.42890440730123e-14	0.267505919066515
chr14	23769501	23770035	Chimp_hyper_ND	Chimp-specific	535	6	35.3634455433937	0.1129	0.1848	0.6524	0.3943	0.2665	0.4877	2.48055650927584e-20	1.4981928055992e-52	5.99764661641329e-06
chr11	33713557	33713979	Chimp_hyper_ND	Chimp-specific	423	6	35.2897248748903	0.3027	0.0303	0.6746	0.0362	0.4233	0.1881	3.37826862526084e-10	5.21865414290174e-10	0.00156192499594043
chr15	81474758	81475121	Chimp_hyper_ND	Chimp-specific	364	9	35.0908378448582	0.4533	0.0438	0.6811	0.0458	0.347	0.0426	2.69274010071024e-06	3.27524332519687e-15	0.0121387772108213
chr18	60742558	60743260	Chimp_hyper_ND	Chimp-specific	703	7	35.0355640009286	0.5838	0.6138	0.8316	0.686	0.6316	0.7259	6.46548411773233e-06	2.31037511732214e-07	0.0210977718676989
chr6	1381058	1381453	Chimp_hyper_ND	Chimp-specific	396	6	34.9682944468509	0.0998	0.1945	0.3861	0.2289	0.1349	0.1859	3.27025905744941e-13	1.87203414702095e-08	0.00409080247203008
chr11	65058145	65058709	Chimp_hyper_ND	Chimp-specific	565	5	34.6485545953762	0.4452	0.138	0.8949	0.1576	0.4837	0.0415	2.16224615097836e-19	2.93414060906362e-08	2.17728552656639e-06
chr9	14437451	14438412	Chimp_hyper_ND	Chimp-specific	962	7	34.5477474103715	0.5022	0.4044	0.7183	0.4914	0.3881	0.5017	0.00760108277692926	1.36406144659643e-13	9.41201520609308e-06
chr15	75639278	75639433	Chimp_hyper_ND	Chimp-specific	156	10	34.4236150191791	0.1535	0.1631	0.3681	0.1654	0.0079	0.0326	8.65689946994573e-08	8.5900783049457e-12	0.00569083736722188
chr15	68125697	68126643	Chimp_hyper_ND	Chimp-specific	947	9	34.4013802153902	0.1586	0.0557	0.4443	0.0528	0.0239	0.0229	9.48550594803416e-23	5.26181129304249e-45	1.27226951038115e-19
chr6	502198	502440	Chimp_hyper_ND	Chimp-specific	243	6	34.3996052971515	0.6528	0.6877	0.8898	0.6421	0.576	0.7564	1.1865016841092e-09	2.41442332914162e-18	0.00182322863844234
chr2	116189195	116191443	Chimp_hyper_ND	Chimp-specific	2249	9	34.3354673540481	0.7845	0.6889	0.9205	0.7032	0.6576	0.6674	1.53444153162907e-07	1.73642790509364e-26	6.8677491744321e-09
chr2	85294291	85294521	Chimp_hyper_ND	Chimp-specific	231	8	33.9972171993213	0.4188	0.0885	0.7887	0.226	0.0313	0.0144	2.67423016499632e-05	5.82940057379251e-52	9.03417585241699e-40
chr6	159331342	159331771	Chimp_hyper_ND	Chimp-specific	430	6	33.7064495996948	0.551	0.1525	0.7973	0.1266	0.6734	0.2255	9.41869815945975e-16	2.97067479873781e-11	0.332316565832811
chr9	85676920	85677109	Chimp_hyper_ND	Chimp-specific	190	8	33.4063862451401	0.0739	0.0506	0.2755	0.0504	0.1137	0.0524	7.61963076620992e-12	2.86223500538545e-06	0.109441609971391
chr3	60080911	60081323	Chimp_hyper_ND	Chimp-specific	413	6	33.3096613483971	0.4775	0.2425	0.6261	0.1572	0.4078	0.2202	4.12874430450414e-16	1.87788512599671e-17	0.2424275762249
chr8	5820701	5821295	Chimp_hyper_ND	Chimp-specific	595	5	33.2529586222155	0.4686	0.1671	0.906	0.2405	0.3189	0.0677	1.30142072590963e-13	2.61698889530743e-07	0.94342015990554
chr17	70112608	70112702	Chimp_hyper_ND	Chimp-specific	95	8	32.6978479374335	0.5479	0.5877	0.7123	0.5398	0.2532	0.3263	0.000368545247722518	0.000725319444049859	0.692594827853327
chr6	1379515	1380590	Chimp_hyper_ND	Chimp-specific	1076	9	32.6776042616195	0.0643	0.0583	0.2941	0.0819	0.0457	0.1106	7.23117240029414e-13	8.1554854303098e-29	1.5394219908803e-21
chr2	45418190	45418493	Chimp_hyper_ND	Chimp-specific	304	8	32.4371559965604	0.7987	0.3369	0.9186	0.2654	0.3811	0.1341	2.79759397494802e-06	2.10014986030985e-20	2.50398834899528e-05
chr7	3197407	3197513	Chimp_hyper_ND	Chimp-specific	107	6	32.3550845432291	0.4053	0.5279	0.7511	0.5088	0.43	0.4109	8.33407950392689e-11	0.000809010991717859	0.0224494696927298
chr1	16291582	16292250	Chimp_hyper_ND	Chimp-specific	669	8	32.2141310643791	0.5409	0.0741	0.7922	0.0821	0.4984	0.0258	2.88709931375276e-05	0.0252726904924075	0.111875610665614
chr2	3269458	3269852	Chimp_hyper_ND	Chimp-specific	395	7	31.5389396066389	0.4399	0.4867	0.6554	0.3415	0.3435	0.3124	1.16971546091744e-22	2.6691189696586e-08	0.000501956105724669
chr10	127322200	127322460	Chimp_hyper_ND	Chimp-specific	261	6	31.4960058541414	0.7056	0.3986	0.8671	0.304	0.5944	0.2384	1.46559197906642e-15	3.26903389939264e-10	0.53945096130723
chr2	29504450	29504987	Chimp_hyper_ND	Chimp-specific	538	7	31.1921135088394	0.3136	0.0461	0.583	0.0356	0.3628	0.0268	1.68528803585459e-09	0.000478995291662666	0.0128294439586391
chr5	27702524	27702946	Chimp_hyper_ND	Chimp-specific	423	5	31.0274745894837	0.5919	0.2801	0.8826	0.2901	0.6171	0.5521	1.96334422285827e-14	7.7877738885439e-38	1.34905760629224e-06
chr8	124697240	124697549	Chimp_hyper_ND	Chimp-specific	310	6	31.0139901274768	0.7129	0.7436	0.8754	0.5988	0.7906	0.744	7.05388345086394e-13	5.53798227987944e-10	0.12301735972437
chr12	67840369	67840756	Chimp_hyper_ND	Chimp-specific	388	6	30.9245233135466	0.6177	0.6459	0.841	0.5618	0.6239	0.5949	1.55858639413209e-13	9.55237820019969e-09	0.152742425250233
chr1	224713987	224714510	Chimp_hyper_ND	Chimp-specific	524	5	30.5827276447864	0.5975	0.6007	0.9245	0.6001	0.632	0.5282	1.62287963698508e-16	6.29550470735682e-09	0.00106733526958627
chr18	19929476	19929718	Chimp_hyper_ND	Chimp-specific	243	5	30.5482032319035	0.2826	0.249	0.7104	0.3695	0.3097	0.1761	4.40674290867663e-22	2.46207446694369e-08	3.02578491912777e-05
chr10	71329245	71330001	Chimp_hyper_ND	Chimp-specific	757	4	30.4064126691737	0.3806	0.0375	0.7584	0.088	0.397	0.047	1.21871857410175e-14	1.49678519586456e-18	0.656287450440224
chr8	49676073	49676815	Chimp_hyper_ND	Chimp-specific	743	5	30.3392904367528	0.4014	0.4207	0.7973	0.3469	0.3934	0.4237	2.20830170542686e-32	9.2801268360706e-38	0.233840876586378
chr10	111077051	111079663	Chimp_hyper_ND	Chimp-specific	2613	5	30.1542976705915	0.7972	0.8321	0.9613	0.7913	0.8612	0.7817	2.38661646144578e-63	9.81418674062092e-22	7.6757243913894e-10
chr8	6673940	6674086	Chimp_hyper_ND	Chimp-specific	147	6	29.6370531151719	0.0537	0.0033	0.219	0.0081	0.052	0.0042	9.44647407466191e-11	1.52301403803808e-09	0.805448589345792
chr15	94472838	94473185	Chimp_hyper_ND	Chimp-specific	348	5	29.5418031126818	0.4125	0.1694	0.701	0.1352	0.2952	0.2366	2.30202899594253e-14	3.59970726791342e-23	8.81222701011845e-07
chr10	20103589	20103999	Chimp_hyper_ND	Chimp-specific	411	6	29.1882199986039	0.4478	0.4735	0.718	0.5266	0.3293	0.3388	1.61357847184423e-05	2.73651637839896e-06	0.885031152224251
chr6	166707716	166709102	Chimp_hyper_ND	Chimp-specific	1387	7	28.8872810358892	0.7545	0.629	0.8961	0.5965	0.5747	0.404	2.55094299654803e-21	1.27438306289861e-14	0.536756405358866
chr11	20631403	20632055	Chimp_hyper_ND	Chimp-specific	653	6	28.8081894046291	0.088	0.0604	0.4127	0.1413	0.2243	0.1423	8.03318702215969e-17	1.08295353463111e-07	0.0128482039731805
chr15	45004715	45004828	Chimp_hyper_ND	Chimp-specific	114	7	28.4462503162758	0.6549	0.003	0.8889	0.0182	0.0661	0.0313	3.53402850865613e-05	1.20229220474773e-86	7.61809710455696e-83
chr12	63026597	63026807	Chimp_hyper_ND	Chimp-specific	211	5	28.2087505532113	0.1944	0.0331	0.565	0.0127	0.375	0.2975	1.29608965218641e-17	3.68048816849095e-33	5.89288860017212e-07
chr9	6782191	6782563	Chimp_hyper_ND	Chimp-specific	373	6	28.038003197056	0.7889	0.5834	0.9467	0.4543	0.5758	0.768	8.62128275620209e-11	1.51581118314071e-43	3.94375553097538e-15
chr17	36723257	36723496	Chimp_hyper_ND	Chimp-specific	240	6	27.8890032547279	0.6594	0.8159	0.9542	0.7695	0.7945	0.7591	3.46594767573046e-25	8.0859786052397e-11	1.25825281671534e-05
chr7	51208123	51208671	Chimp_hyper_ND	Chimp-specific	549	6	27.7551855845003	0.7307	0.632	0.8972	0.6298	0.7295	0.716	5.15169508973566e-08	4.86570468395215e-10	0.0675539728136203
chr1	88798909	88799628	Chimp_hyper_ND	Chimp-specific	720	5	27.6881562788743	0.4377	0.2224	0.7571	0.2961	0.4003	0.1914	1.60985428936476e-16	1.36967194160409e-07	0.970151041563621
chr4	4839836	4840751	Chimp_hyper_ND	Chimp-specific	916	6	27.4157424949637	0.3349	0.4625	0.6441	0.4822	0.3253	0.3888	1.5779784348094e-14	6.08003211281887e-08	0.00834041442540647
chr12	108323337	108324194	Chimp_hyper_ND	Chimp-specific	858	6	27.2383118017365	0.6619	0.1403	0.8335	0.1097	0.4067	0.1511	2.38744680093139e-08	4.19184211275685e-48	3.6831606324556e-23
chr5	106892875	106893310	Chimp_hyper_ND	Chimp-specific	436	6	27.1535317762199	0.8123	0.4906	0.9415	0.235	0.8356	0.4364	5.04822336725779e-15	3.55562334770104e-13	0.0591467547861197
chr1	198127581	198127753	Chimp_hyper_ND	Chimp-specific	173	4	27.0300638074024	0.1395	0.0152	0.4447	0.0264	0.1561	0.0176	1.72472372790639e-17	3.96582228826147e-16	0.346038806806601
chr12	12867729	12867916	Chimp_hyper_ND	Chimp-specific	188	8	26.6571623631182	0.4009	0.0465	0.5376	0.0286	0.3902	0.2615	4.3114941903723e-07	1.80568898109465e-54	3.12302689191647e-16
chr4	27085903	27086320	Chimp_hyper_ND	Chimp-specific	418	7	26.6370171946421	0.4159	0.2901	0.681	0.3647	0.4824	0.3878	7.19373591297004e-07	2.46101227527746e-07	0.731148866459892
chr5	38211522	38211785	Chimp_hyper_ND	Chimp-specific	264	6	26.6283248217954	0.6623	0.2956	0.9227	0.3791	0.7617	0.5413	1.24762887034473e-10	2.91530062143747e-16	0.000346600463844378
chr3	73674791	73674880	Chimp_hyper_ND	Chimp-specific	90	5	26.5495814038174	0.1848	0.1487	0.3713	0.1082	0.0657	0.0196	5.81651686304436e-12	9.5548986162368e-05	0.0366576793076201
chr2	110279076	110279299	Chimp_hyper_ND	Chimp-specific	224	6	26.4730189202859	0.5257	0.1927	0.7472	0.1795	0.3455	0.0321	1.22597573125018e-09	0.00141110709484246	0.0292336902748573
chr10	35207847	35208340	Chimp_hyper_ND	Chimp-specific	494	8	26.4610443013857	0.3082	0.2692	0.4777	0.2051	0.1758	0.1196	7.12360380059757e-05	1.67056602287179e-07	0.813638991828952
chr10	88453532	88453861	Chimp_hyper_ND	Chimp-specific	330	5	26.2752701628857	0.4071	0.2425	0.8728	0.3651	0.3952	0.2074	2.16835572981315e-15	1.18991528816475e-07	0.694740052374054
chr5	144510704	144511243	Chimp_hyper_ND	Chimp-specific	540	5	25.8387194150216	0.5551	0.3066	0.8476	0.3722	0.5246	0.528	7.00032544955016e-10	8.00269293906956e-24	1.05646908300156e-08
chr14	78147567	78148741	Chimp_hyper_ND	Chimp-specific	1175	5	25.7012606372398	0.6371	0.6188	0.8332	0.5151	0.6659	0.7319	1.13603292156915e-38	1.09747054646662e-28	0.0323414696425629
chr10	100127451	100127610	Chimp_hyper_ND	Chimp-specific	160	5	25.2645297612325	0.5691	0.07	0.831	0.0462	0.2868	0.2479	4.16018273114646e-06	1.54772589219705e-55	5.50213013717014e-31
chr11	82996134	82996295	Chimp_hyper_ND	Chimp-specific	162	6	24.9067505841679	0.0924	0.0374	0.3308	0.1042	0.0624	0.0118	2.48913435796952e-09	2.74558917231028e-05	0.23000040737532
chr3	149230238	149230581	Chimp_hyper_ND	Chimp-specific	344	5	24.8840160376557	0.1955	0.0546	0.4536	0.072	0.2989	0.0708	7.57573342691814e-10	4.07446810909219e-06	0.0164618736783824
chr2	208007626	208008218	Chimp_hyper_ND	Chimp-specific	593	5	24.8517774267921	0.6449	0.3629	0.7696	0.3191	0.5822	0.2003	0.000927976735610705	0.0157949700029498	0.320459841923645
chr14	73358006	73358241	Chimp_hyper_ND	Chimp-specific	236	6	24.7707393303903	0.2168	0.1845	0.3631	0.14	0.1276	0.1257	1.67959779906363e-09	6.52009049427998e-14	0.561015379574207
chr22	27707981	27708136	Chimp_hyper_ND	Chimp-specific	156	4	24.6454166543613	0.622	0.7483	0.8866	0.6609	0.3552	0.3786	2.21768521558143e-12	5.02791989159505e-06	0.0809042633428931
chr4	81951446	81951636	Chimp_hyper_ND	Chimp-specific	191	5	24.5042608207097	0.1058	0.017	0.7226	0.2113	0.1782	0.0408	1.12714591578187e-13	3.48590931953347e-08	0.472553129748803
chr9	98899725	98899937	Chimp_hyper_ND	Chimp-specific	213	6	24.3621982071732	0.583	0.0198	0.7536	0.0232	0.6209	0.4459	5.37062325108977e-06	3.112707851285e-25	1.05921309518768e-21
chr2	202873615	202874512	Chimp_hyper_ND	Chimp-specific	898	7	24.3486198262356	0.6475	0.37	0.9094	0.429	0.432	0.3358	7.16769396163328e-11	5.45883275899089e-27	5.98983380974371e-06
chr17	27011880	27012053	Chimp_hyper_ND	Chimp-specific	174	7	24.3309347794616	0.6703	0.3019	0.8037	0.2949	0.5944	0.4182	0.000465858612959108	8.38088030817919e-15	1.91350591704356e-07
chr3	140772071	140772291	Chimp_hyper_ND	Chimp-specific	221	4	24.2605468701444	0.3653	0.3229	0.8054	0.3736	0.3185	0.2515	8.21052345867487e-17	4.22615757555934e-08	0.238760607069149
chr7	28429348	28429504	Chimp_hyper_ND	Chimp-specific	157	4	24.2566026466754	0.1093	0.0182	0.3853	0.0168	0.147	0.0071	1.18721130520843e-17	1.53596582282025e-06	0.117949873608261
chr19	17827992	17828401	Chimp_hyper_ND	Chimp-specific	410	4	23.7940678230771	0.4024	0.187	0.6206	0.0978	0.282	0.2225	6.60569015754521e-11	4.79208826297596e-31	0.0590974364908549
chr8	137476713	137477382	Chimp_hyper_ND	Chimp-specific	670	4	23.744103292021	0.701	0.7598	0.9411	0.7495	0.8088	0.7218	6.59780810031763e-20	2.09514236137269e-06	7.50338814426477e-05
chr4	56951370	56951610	Chimp_hyper_ND	Chimp-specific	241	5	23.5482818301318	0.7336	0.7187	0.9075	0.7407	0.6987	0.6993	9.55693143434281e-05	5.18063052177909e-06	0.990415066331115
chr6	122702749	122702926	Chimp_hyper_ND	Chimp-specific	178	4	23.4533849752217	0.0673	0.0157	0.3651	0.0612	0.034	0.0064	2.06390208967691e-08	1.27449623012997e-13	0.124133338572942
chr7	8302728	8302799	Chimp_hyper_ND	Chimp-specific	72	5	23.4509263571389	0.415	0.4319	0.6819	0.3945	0.4399	0.3284	2.36733985799174e-09	0.00342165240181212	0.00504850831841654
chr15	40077430	40077608	Chimp_hyper_ND	Chimp-specific	179	7	23.3298992498593	0.8359	0.7241	0.9493	0.6912	0.6504	0.7383	2.75891466254904e-11	4.14705807452803e-30	3.90969489702716e-08
chr2	11833251	11833487	Chimp_hyper_ND	Chimp-specific	237	5	23.315296342518	0.2962	0.036	0.4999	0.0453	0.232	0.0645	1.96350615528005e-06	1.22024819531919e-12	0.00230140947521257
chr16	84759261	84759648	Chimp_hyper_ND	Chimp-specific	388	6	23.2022400969113	0.5363	0.3166	0.8151	0.4329	0.3682	0.3529	1.44258451449619e-06	1.81792004398633e-23	1.53960831687642e-07
chr2	121828540	121828731	Chimp_hyper_ND	Chimp-specific	192	4	23.1442504043429	0.4125	0.2668	0.8334	0.2956	0.2164	0.0593	1.68977477591208e-17	1.21051204263138e-07	0.0658698118403937
chr11	32194611	32194804	Chimp_hyper_ND	Chimp-specific	194	7	22.9963443891497	0.5629	0.0488	0.7622	0.0593	0.5598	0.0318	0.0165866412741019	0.0167467627829843	0.479780274394523
chr13	74880478	74881355	Chimp_hyper_ND	Chimp-specific	878	4	22.8849465799258	0.7265	0.4639	0.857	0.3438	0.7675	0.457	1.21703778728947e-22	4.12038602193992e-12	0.0448375315270553
chr14	24802313	24802495	Chimp_hyper_ND	Chimp-specific	183	7	22.8761945955849	0.6131	0.5114	0.7833	0.5183	0.5535	0.5359	6.44395273675625e-09	7.77662039306464e-13	0.0330335633392788
chr15	60591724	60592448	Chimp_hyper_ND	Chimp-specific	725	6	22.8086654777638	0.3321	0.0897	0.5946	0.1056	0.1601	0.0369	4.48025490475284e-10	5.55969644181539e-14	0.00245980822684274
chr18	24229392	24229533	Chimp_hyper_ND	Chimp-specific	142	6	22.6614172401853	0.5992	0.5696	0.86	0.6036	0.7066	0.685	4.27307265804169e-06	7.13007400433626e-05	0.868348448254404
chr1	68808659	68808743	Chimp_hyper_ND	Chimp-specific	85	4	22.6239738507363	0.5327	0.3999	0.7548	0.2847	0.3142	0.1445	9.13152950785764e-13	1.37084843235637e-07	0.0582863400999138
chr13	30708069	30708302	Chimp_hyper_ND	Chimp-specific	234	5	22.6173975419319	0.738	0.2511	0.9169	0.1909	0.737	0.3152	4.4835983626314e-06	1.56758001297635e-10	0.207199967599152
chr3	106960585	106961255	Chimp_hyper_ND	Chimp-specific	671	5	22.5289920472971	0.6191	0.5372	0.8182	0.5031	0.3522	0.4123	8.86565994021659e-08	5.08955667307291e-16	0.00213693334129813
chr17	39065689	39065771	Chimp_hyper_ND	Chimp-specific	83	4	22.5226682850711	0.0125	0.0074	0.5785	0.2826	0.0186	0.0113	3.10610371944031e-09	6.18368435463774e-08	0.438208728740579
chr13	39610544	39610600	Chimp_hyper_ND	Chimp-specific	57	4	22.4889933500441	0.0737	0.0193	0.3006	0.0428	0.107	0.0581	3.73418136029625e-09	2.06516757950574e-17	0.118676016529052
chr2	55206473	55207480	Chimp_hyper_ND	Chimp-specific	1008	5	22.4660959355313	0.4365	0.3983	0.6296	0.3284	0.4991	0.4984	6.9778187860692e-13	2.2449109755902e-18	0.405691039314284
chr9	6236825	6237528	Chimp_hyper_ND	Chimp-specific	704	4	22.3688170702451	0.7022	0.6215	0.8957	0.3577	0.7941	0.494	2.05843248329664e-24	1.37387979721953e-08	0.000240447173770099
chr1	37721379	37721432	Chimp_hyper_ND	Chimp-specific	54	4	22.2986846084438	0.3932	0.0479	0.8074	0.0989	0.3308	0.1299	2.30116184682927e-11	1.41963054654524e-18	0.00105072868721833
chr5	136227457	136227945	Chimp_hyper_ND	Chimp-specific	489	5	22.2445257039917	0.7192	0.1961	0.8884	0.1851	0.7379	0.3768	1.15874643604481e-08	1.08154702001148e-19	0.000823233979612474
chr20	51235377	51235935	Chimp_hyper_ND	Chimp-specific	559	5	22.0402770973925	0.2861	0.1204	0.546	0.1703	0.2854	0.0791	9.25264341620845e-09	0.00022509853093064	0.00402048902849343
chr4	55095654	55095761	Chimp_hyper_ND	Chimp-specific	108	4	21.7966192936547	0.2451	0.1533	0.4297	0.057	0.2899	0.1114	1.91133972182454e-13	1.85748791564227e-05	0.00749075355344047
chr16	78036920	78037175	Chimp_hyper_ND	Chimp-specific	256	5	21.7543421233086	0.06	0.0212	0.3588	0.0688	0.0159	0.0086	2.42929437976169e-07	9.90826446735202e-15	0.030142558342009
chr9	38200495	38200624	Chimp_hyper_ND	Chimp-specific	130	4	21.6943643166666	0.4154	0.1513	0.7086	0.1457	0.5206	0.2818	2.0248800727956e-15	2.56500021065061e-09	0.280759961955334
chr16	9102973	9103160	Chimp_hyper_ND	Chimp-specific	188	5	21.6137941242508	0.3922	0.2073	0.6806	0.167	0.3831	0.2111	1.30986330190233e-10	1.6617689968133e-12	0.90701647435848
chr9	19701268	19701414	Chimp_hyper_ND	Chimp-specific	147	4	21.605150020333	0.4379	0.4894	0.8834	0.6029	0.4302	0.3483	4.21851147333184e-09	0.000785052909985039	0.021565740378293
chr19	34489367	34489610	Chimp_hyper_ND	Chimp-specific	244	6	21.4074897349278	0.1202	0.034	0.2407	0.0262	0.1188	0.0202	1.07710765566811e-06	0.00219988293354472	0.144176908765266
chr22	18374934	18375134	Chimp_hyper_ND	Chimp-specific	201	4	21.3769392656885	0.3191	0.4011	0.5951	0.2942	0.0576	0.0856	9.74824692248392e-17	1.06766469237721e-11	0.274789812651436
chr21	38137470	38137738	Chimp_hyper_ND	Chimp-specific	269	4	21.2054167309728	0.7793	0.5621	0.91	0.4639	0.5744	0.4219	1.86927939664982e-10	2.2293094700756e-14	0.44055582620299
chr2	11838466	11838653	Chimp_hyper_ND	Chimp-specific	188	5	20.9957421666061	0.2342	0.084	0.7995	0.3704	0.3892	0.2772	4.48683532892247e-05	6.77376952844417e-05	0.353098892989968
chr9	33287134	33287520	Chimp_hyper_ND	Chimp-specific	387	4	20.872569887472	0.5205	0.3156	0.7237	0.2458	0.0378	0.0525	2.53759231733433e-12	2.70507050881304e-39	7.54808736449322e-20
chr18	70513912	70514184	Chimp_hyper_ND	Chimp-specific	273	5	20.8626025932105	0.3756	0.1268	0.7207	0.1768	0.2686	0.0909	7.04361607524855e-06	2.75470719439775e-09	0.163978316409675
chr22	38700472	38700602	Chimp_hyper_ND	Chimp-specific	131	4	20.6084863481996	0.5087	0.6149	0.8129	0.4797	0.3222	0.425	1.73007978701761e-17	4.89498418115602e-10	0.818269025709177
chr1	64081420	64082050	Chimp_hyper_ND	Chimp-specific	631	4	20.5317183634017	0.3285	0.3029	0.5917	0.3469	0.1959	0.2205	3.29167262892551e-16	4.7152874948971e-25	0.449880572416844
chr5	128084833	128085265	Chimp_hyper_ND	Chimp-specific	433	5	20.5312916385401	0.6353	0.5093	0.8479	0.552	0.596	0.5086	4.01104525319299e-07	4.02731726067205e-08	0.522149940975141
chr6	151041962	151042435	Chimp_hyper_ND	Chimp-specific	474	4	20.3839632468241	0.4942	0.1734	0.7214	0.1053	0.4318	0.0704	4.56479570063324e-08	3.07841806184797e-06	0.318198101816348
chr2	119565990	119566109	Chimp_hyper_ND	Chimp-specific	120	5	20.2443916520896	0.5897	0.1271	0.7598	0.0593	0.617	0.1061	8.15908043991724e-06	8.25676245740037e-09	0.280816397848406
chr2	223177989	223178134	Chimp_hyper_ND	Chimp-specific	146	5	20.2368420865393	0.2457	0.0765	0.5461	0.0761	0.2497	0.0497	6.67559466760479e-07	0.000560114520215206	0.175270419477493
chr5	124242383	124242571	Chimp_hyper_ND	Chimp-specific	189	4	20.2245302869317	0.3853	0.0064	0.6653	0.0048	0.4174	7e-04	1.12598874795089e-10	4.17694315534046e-06	0.0676899851586536
chr10	13388123	13388206	Chimp_hyper_ND	Chimp-specific	84	4	20.1582206659769	0.1531	0.0509	0.3676	0.057	0.086	0.1675	3.44981874309892e-13	6.1937325792741e-33	8.22452154667059e-16
chr18	52495347	52495432	Chimp_hyper_ND	Chimp-specific	86	5	20.1453700722334	0.3263	0.1588	0.6729	0.3155	0.3899	0.3142	0.000496272572979483	5.24091212057949e-06	0.0852628780736552
chr7	30360993	30361459	Chimp_hyper_ND	Chimp-specific	467	5	20.0983910513365	0.5079	0.2575	0.7099	0.2692	0.4467	0.4632	1.2528742256522e-06	1.32360376965135e-30	4.79079655519216e-07
chr13	46359195	46359333	Chimp_hyper_ND	Chimp-specific	139	4	19.9755119507533	0.6584	0.4206	0.8972	0.415	0.6126	0.7866	4.43265664949028e-10	2.2407632574198e-40	2.77276253765274e-17
chr1	234366355	234366574	Chimp_hyper_ND	Chimp-specific	220	6	19.9311047776184	0.6317	0.1498	0.776	0.1125	0.5762	0.2698	9.91808855630865e-05	2.06281866489824e-21	1.97434449420488e-07
chr1	3077905	3078076	Chimp_hyper_ND	Chimp-specific	172	6	19.8277541870584	0.3296	0.0352	0.5091	0.0324	0.1964	0.0234	0.00238099873726654	1.3555448416464e-07	0.0393430218867788
chr22	18361498	18361651	Chimp_hyper_ND	Chimp-specific	154	4	19.70865428253	0.574	0.6324	0.8993	0.735	0.7023	0.651	1.05480671598257e-11	2.46011469065256e-05	0.000146607857333843
chr8	53001618	53001716	Chimp_hyper_ND	Chimp-specific	99	4	19.5755187308899	0.7	0.2229	0.8451	0.1484	0.4665	0.0351	3.20491892312539e-08	0.00173695249706948	0.112452250304743
chr6	9413236	9413433	Chimp_hyper_ND	Chimp-specific	198	4	19.5635128493804	0.6714	0.6567	0.7938	0.4232	0.6535	0.4664	3.86369280947638e-16	9.08639257801064e-07	5.54027099057774e-06
chr1	157475611	157475742	Chimp_hyper_ND	Chimp-specific	132	4	19.5171297510199	0.1184	0.0244	0.3222	0.0304	0.1381	0.0347	8.78105963707626e-06	0.000391022686218677	0.872898649846809
chr6	80254735	80255269	Chimp_hyper_ND	Chimp-specific	535	5	19.4526642817083	0.1392	0.0168	0.3541	0.0214	0.0899	0.0027	2.26169313306485e-07	2.59494975138501e-05	0.786491177845414
chr11	40753883	40754066	Chimp_hyper_ND	Chimp-specific	184	4	19.4363280023668	0.3253	0.075	0.5923	0.0891	0.4342	0.2038	1.25537371286737e-06	3.03992475153629e-10	0.0592648603141962
chr16	65930849	65931128	Chimp_hyper_ND	Chimp-specific	280	4	19.3508350786976	0.6794	0.3492	0.9524	0.4086	0.4847	0.353	4.34555184501087e-11	1.27160311802993e-19	1.45375490553302e-05
chr5	174119766	174120028	Chimp_hyper_ND	Chimp-specific	263	6	19.3073054304387	0.1501	0.2133	0.3922	0.2438	0.2692	0.2546	2.15444898931369e-05	0.011815587237006	0.0912063101862919
chr8	141832526	141832875	Chimp_hyper_ND	Chimp-specific	350	4	19.2514056568777	0.5408	0.5902	0.7147	0.5217	0.4923	0.6127	4.35667031965962e-09	6.7760662408112e-10	0.130025165971052
chr14	81901674	81901749	Chimp_hyper_ND	Chimp-specific	76	4	19.1905315311577	0.1247	0.0677	0.2937	0.044	0.1507	0.0553	1.281784451343e-10	9.60954429193112e-05	0.172329667754687
chr12	80492035	80492387	Chimp_hyper_ND	Chimp-specific	353	4	19.1298449076215	0.5911	0.615	0.8868	0.6779	0.6896	0.6308	1.26757616564836e-13	0.00583116488317167	0.0954338812929432
chr5	67526636	67527477	Chimp_hyper_ND	Chimp-specific	842	4	19.1177289784008	0.6694	0.4543	0.7759	0.221	0.5104	0.396	3.94099329883018e-12	3.16178220880156e-20	0.0397490406485566
chr7	47575651	47575754	Chimp_hyper_ND	Chimp-specific	104	4	18.9719942842421	0.5609	0.2427	0.8157	0.1777	0.3882	0.066	3.98724029518224e-06	6.46868627460741e-05	0.288985388930106
chr15	29432383	29432511	Chimp_hyper_ND	Chimp-specific	129	4	18.9523509959582	0.5228	0.0408	0.7683	0.0332	0.1225	0.0158	8.98356776795683e-10	1.81433460655255e-21	5.85498922003094e-13
chr4	38320593	38320687	Chimp_hyper_ND	Chimp-specific	95	6	18.8560989070045	0.2601	0.0017	0.6604	0.0872	0.1501	0.1212	0.0177821316209359	3.37489366280996e-22	4.99773125315512e-17
chr7	117382285	117382636	Chimp_hyper_ND	Chimp-specific	352	4	18.7931832227226	0.6013	0.5106	0.7855	0.4312	0.4215	0.6339	9.02125946075106e-12	1.13618314759774e-40	3.11005465218325e-18
chr17	19443640	19443868	Chimp_hyper_ND	Chimp-specific	229	4	18.789514971918	0.7791	0.7418	0.924	0.6413	0.3864	0.3602	4.35521848028344e-09	1.10939223000419e-11	0.665934770578659
chr4	57517022	57517882	Chimp_hyper_ND	Chimp-specific	861	4	18.7846275701701	0.7261	0.691	0.944	0.8228	0.5161	0.5086	6.74311376987141e-08	1.01997968005765e-06	0.585822922249075
chr1	109420590	109420651	Chimp_hyper_ND	Chimp-specific	62	5	18.749606761784	0.3561	0.0059	0.5343	0.0022	0.1563	0.0039	5.40580807634372e-07	4.748627955039e-22	6.57217514306812e-11
chr11	63862725	63862870	Chimp_hyper_ND	Chimp-specific	146	6	18.7127213746432	0.4205	0.4165	0.5682	0.4119	0.2838	0.2967	0.00831928716146795	0.000437596203615814	0.563224844955771
chr13	80715261	80715583	Chimp_hyper_ND	Chimp-specific	323	4	18.6996460407479	0.2586	0.1134	0.3673	0.0259	0.1975	0.0342	4.53371539194174e-08	2.35905549714546e-05	0.0538039015175276
chr1	216061332	216061673	Chimp_hyper_ND	Chimp-specific	342	5	18.1866471817126	0.7235	0.2817	0.8489	0.2639	0.7312	0.4483	1.92298655180075e-06	7.54459670368626e-19	2.21823469020921e-07
chr4	87223072	87223627	Chimp_hyper_ND	Chimp-specific	556	5	17.9385677566031	0.1858	0.0816	0.4333	0.1371	0.1497	0.0707	0.0109416587150346	0.000389178584466387	0.148920656636451
chr22	29155891	29156634	Chimp_hyper_ND	Chimp-specific	744	4	17.919691402005	0.6724	0.516	0.8609	0.4565	0.462	0.3276	3.24082734608208e-11	1.86547273749451e-20	0.337201888262768
chr12	109036405	109036573	Chimp_hyper_ND	Chimp-specific	169	4	17.8717264524833	0.6101	0.1424	0.7612	0.0814	0.5696	0.2051	0.000131993296026949	2.48523022590461e-06	0.0673908883199038
chr5	122490287	122490700	Chimp_hyper_ND	Chimp-specific	414	4	17.8702627461907	0.8377	0.743	0.9495	0.7623	0.8001	0.7386	2.43270744243511e-06	7.0155713697372e-09	0.13153479267612
chr3	185115622	185115703	Chimp_hyper_ND	Chimp-specific	82	5	17.7752099671523	0.4048	0.0526	0.6669	0.0359	0.4897	0.0586	0.000712550107601888	0.00073424562845996	0.941352334772231
chr1	2065698	2065867	Chimp_hyper_ND	Chimp-specific	170	5	17.5710567106023	0.2988	0.1048	0.5221	0.0961	0.1573	0.0682	0.0012532618484903	4.20134739811219e-08	0.00498329387511444
chr1	113585399	113585470	Chimp_hyper_ND	Chimp-specific	72	5	17.5469268677348	0.4423	0.0078	0.5554	0.0044	0.1374	0.0038	0.000985679987119698	2.08353242641602e-44	4.74897124177803e-12
chr2	227870851	227871015	Chimp_hyper_ND	Chimp-specific	165	4	17.4976729755104	0.4525	0.1948	0.8004	0.2801	0.432	0.1754	4.73384023213326e-05	4.90803282454862e-07	0.410200818552048
chr2	6788477	6788812	Chimp_hyper_ND	Chimp-specific	336	4	17.4648665401772	0.3814	0.3758	0.5516	0.1814	0.3798	0.2993	1.41302290190561e-09	0.000210001227188563	0.0704855120355965
chr7	15728154	15728233	Chimp_hyper_ND	Chimp-specific	80	4	17.3738205902405	0.5854	0.5881	0.78	0.5355	0.6264	0.5469	6.85466057607112e-05	0.0061169899127501	0.130999268542125
chr18	75718022	75718467	Chimp_hyper_ND	Chimp-specific	446	4	17.1295582977004	0.6513	0.7025	0.838	0.7108	0.218	0.2529	1.78933269303611e-08	1.59594829086191e-05	0.98824680827016
chr2	226983233	226983322	Chimp_hyper_ND	Chimp-specific	90	4	17.0631778374311	0.638	0.0125	0.8912	0.0494	0.735	0.0373	6.42856378801998e-05	0.000617139142110243	0.663314796937402
chr1	182584700	182584828	Chimp_hyper_ND	Chimp-specific	129	5	17.0570326928731	0.2512	0.0886	0.4462	0.0962	0.322	0.2408	8.18299683367265e-05	1.65458227313828e-08	0.0045119349786722
chr4	18111705	18111982	Chimp_hyper_ND	Chimp-specific	278	5	16.9348823458776	0.616	0.2895	0.8312	0.3875	0.6295	0.2542	0.000320691455980513	0.00741682123669901	0.209328466893308
chr2	201982370	201982439	Chimp_hyper_ND	Chimp-specific	70	4	16.8702108454983	0.4924	0.1544	0.7601	0.1838	0.5366	0.5396	2.19132474645151e-05	1.94702836506256e-22	9.1377542460735e-11
chr6	111198704	111199108	Chimp_hyper_ND	Chimp-specific	405	4	16.8440784679165	0.3704	0.1328	0.6259	0.1658	0.498	0.3561	0.00498530616102345	3.21852420129805e-10	0.00122346490658755
chr1	236046950	236047070	Chimp_hyper_ND	Chimp-specific	121	4	16.6720260009473	0.2042	0.0056	0.4241	0.0306	0.0601	0.0112	5.49195292163999e-07	7.95992405741804e-27	4.68499614714377e-12
chr6	1311496	1311612	Chimp_hyper_ND	Chimp-specific	117	4	16.5428562292276	0.086	0.0248	0.2818	0.0276	0.1166	0.0345	1.94713086112842e-06	4.45731857243745e-08	0.623058181414867
chr8	97136207	97136316	Chimp_hyper_ND	Chimp-specific	110	4	16.3626221409238	0.7161	0.0922	0.9225	0.0977	0.7612	0.1408	3.45894068889516e-06	8.99192377103401e-05	0.611662181774513
chr14	77772058	77773129	Chimp_hyper_ND	Chimp-specific	1072	4	16.347024232378	0.4257	0.0668	0.7329	0.0775	0.4321	0.1288	3.37610394416629e-06	3.35805765327023e-19	0.0034131377387993
chr4	55095446	55095561	Chimp_hyper_ND	Chimp-specific	116	4	16.1560029357644	0.2644	0.1624	0.4278	0.1632	0.24	0.1767	0.00327555030191484	7.36937233211899e-06	0.249143673640171
chr19	16936001	16936125	Chimp_hyper_ND	Chimp-specific	125	4	16.0534934934657	0.0833	0.0071	0.2283	0.0034	0.0822	0.004	5.79620464135829e-05	0.000700190048263771	0.404328398873278
chr15	54125355	54125851	Chimp_hyper_ND	Chimp-specific	497	4	16.0524741993375	0.4366	0.3497	0.6859	0.4428	0.4111	0.5331	0.00808652349011428	1.43974466441225e-18	3.35696194315116e-08
chr17	55910540	55910707	Chimp_hyper_ND	Chimp-specific	168	5	15.9442616116364	0.1911	0.0139	0.4066	0.0439	0.2548	0.0442	6.12341292013882e-06	0.00680214832730978	0.502100122890734
chr9	134298094	134298144	Chimp_hyper_ND	Chimp-specific	51	4	15.7251124590066	0.5206	0.1952	0.6355	0.0742	0.2704	0.0453	9.27744588620638e-13	2.75037330832723e-07	0.647361660098147
chr2	18492385	18493059	Chimp_hyper_ND	Chimp-specific	675	4	15.7038933541808	0.5761	0.3193	0.7257	0.2845	0.6118	0.5047	3.09679085584364e-05	6.95233408050661e-12	1.77839475645904e-07
chr2	153259811	153260233	Chimp_hyper_ND	Chimp-specific	423	4	15.4778393990223	0.5974	0.427	0.8191	0.392	0.6564	0.7105	3.01275376158447e-09	4.1647199190119e-13	0.000181295296411603
chr3	22032616	22033136	Chimp_hyper_ND	Chimp-specific	521	4	15.3831468599434	0.6459	0.6116	0.821	0.5323	0.6608	0.5713	4.84278802950928e-09	0.000923750798850829	0.034431474251468
chr3	192959656	192959762	Chimp_hyper_ND	Chimp-specific	107	4	15.3658559747304	0.5074	0.2284	0.6801	0.2245	0.5737	0.2419	0.000925000337317466	0.0159563358514265	0.398680867749622
chr2	127413505	127413591	Chimp_hyper_ND	Chimp-specific	87	5	15.2607248010607	0.4319	0.0734	0.5996	0.0762	0.1625	0.0542	0.0202384486171939	1.16075736690708e-06	0.000344976144209981
chr11	44810742	44810833	Chimp_hyper_ND	Chimp-specific	92	4	15.1947581593371	0.4981	0.2863	0.7129	0.2472	0.4952	0.4144	0.000329225097594847	6.42250407737161e-06	0.0213758908225708
chr3	52968762	52968878	Chimp_hyper_ND	Chimp-specific	117	4	15.1426196194314	0.1105	0.01	0.2141	0.0072	0.0668	0.0079	0.0052779052108024	3.63925482415359e-07	0.333422960669081
chr21	37080844	37081189	Chimp_hyper_ND	Chimp-specific	346	4	15.1095204650604	0.5812	0.6826	0.9072	0.743	0.5567	0.7196	3.05933194183712e-08	2.36652239494565e-13	0.240644678541742
chr4	19027813	19028396	Chimp_hyper_ND	Chimp-specific	584	4	15.0162596242163	0.6417	0.1408	0.8329	0.1563	0.4233	0.1152	3.8628584092668e-05	9.12515322893663e-19	0.000222404510296823
chr1	109439526	109439615	Chimp_hyper_ND	Chimp-specific	90	5	14.9724558730733	0.5259	0.0306	0.7546	0.088	0.4463	0.0132	0.00737878968202538	0.00393584659886834	0.693365232726358
chr11	78286663	78286752	Chimp_hyper_ND	Chimp-specific	90	5	14.9067611711404	0.586	0.4899	0.8057	0.6014	0.1227	0.2808	0.0103245681241102	3.48916848736358e-16	7.70062627719673e-10
chr20	43688003	43688239	Chimp_hyper_ND	Chimp-specific	237	4	14.8982734746879	0.7062	0.1667	0.8179	0.0755	0.5464	0.0244	0.000201117450869027	0.0042593952966337	0.179814114972459
chr6	137662910	137662974	Chimp_hyper_ND	Chimp-specific	65	5	14.8509360860054	0.4179	0.0202	0.5933	0.0119	0.2932	0.006	0.00145317750329397	3.49083505990453e-05	0.0708982515607417
chr17	68164465	68164523	Chimp_hyper_ND	Chimp-specific	59	4	14.7853733247859	0.1017	0.0056	0.253	0.0037	0.1221	0.0076	2.73621889236568e-05	0.00283949856026281	0.478477743966522
chr13	54395918	54395997	Chimp_hyper_ND	Chimp-specific	80	4	14.7092975304684	0.2946	0.075	0.6152	0.1205	0.2148	0.0235	7.71664002474013e-05	0.00088358622342726	0.832132436470828
chr2	182669518	182670871	Chimp_hyper_ND	Chimp-specific	1354	4	14.6253589885709	0.7573	0.5212	0.9235	0.6037	0.6599	0.5817	6.86746641377479e-05	4.1859826220987e-27	7.47099129404064e-08
chr10	119001550	119001666	Chimp_hyper_ND	Chimp-specific	117	4	14.4824780499589	0.6632	0.5047	0.7888	0.4588	0.3227	0.2543	0.00127145398651046	2.13079075293259e-08	0.0506236569580761
chr18	53446602	53446685	Chimp_hyper_ND	Chimp-specific	84	4	14.4561595004738	0.0664	0.037	0.1855	0.0263	0.0867	0.0488	3.61307329888026e-17	2.22936750187997e-05	0.804634300852272
chr16	4103432	4103496	Chimp_hyper_ND	Chimp-specific	65	5	14.3403998330516	0.3463	0.0056	0.5114	0.0076	0.3327	0.0019	0.00300778110699013	8.21014145846784e-05	0.763543367025343
chr4	96238521	96238610	Chimp_hyper_ND	Chimp-specific	90	4	14.3167124703645	0.2418	0.291	0.4505	0.2588	0.1734	0.151	1.3698511299557e-05	0.0115180723594651	0.143199630642567
chr11	126329507	126330031	Chimp_hyper_ND	Chimp-specific	525	4	14.0594962081224	0.3865	0.1334	0.5927	0.0938	0.4368	0.0604	0.000267506673546662	0.0218010005105887	0.0463948952080057
chr11	131808290	131808391	Chimp_hyper_ND	Chimp-specific	102	4	13.9532110870587	0.5247	0.0862	0.7698	0.124	0.3161	0.0736	0.00148974254877938	7.78887386995186e-10	0.000748891118439183
chr9	134515980	134516162	Chimp_hyper_ND	Chimp-specific	183	4	13.6102268630739	0.7569	0.6463	0.8578	0.5745	0.4497	0.344	0.00675709311377187	7.80597714037735e-05	0.870018847422229
chr20	44935375	44937751	Chimp_hyper_ND	Chimp-specific	2377	4	13.1744465015411	0.0834	0.0616	0.7181	0.4707	0.1085	0.0705	1.77526224712392e-07	8.94723822324691e-05	0.190088309820056
chr8	95905804	95905950	Chimp_hyper_ND	Chimp-specific	147	4	12.8051950131055	0.6712	0.0262	0.7948	0.0109	0.4375	0.0057	0.00315964085484765	5.49604979031547e-12	0.00207666115860049
chr6	149553043	149553123	Chimp_hyper_ND	Chimp-specific	81	4	12.2475575179931	0.7617	0.704	0.9498	0.7599	0.6949	0.5798	0.00269195744481173	0.010801739505565	0.49289556967579
chr3	58571654	58571912	Chimp_hyper_ND	Chimp-specific	259	4	12.2283664303664	0.5215	0.3369	0.6711	0.247	0.3705	0.3497	8.77407796360484e-08	5.87180219726839e-17	0.00249492031179836
chr20	51591716	51591812	Chimp_hyper_ND	Chimp-specific	97	4	12.0284168393578	0.7391	0.2478	0.84	0.2356	0.7516	0.3041	0.0181040992073982	0.000297317816249269	0.256590015480742
