chr	str	end	type	specificity	length	nCG	areaStat	Human_ND	Human_OD	Chimp_ND	Chimp_OD	Macaq_ND	Macaq_OD	Bonferroni_interaction_HvsC	Bonferroni_interaction_MvsC	Bonferroni_interaction_MvsH
chr13	79167595	79169150	Chimp_hyper_OD	Chimp-specific	1556	45	-208.205374311179	0.0781	0.179	0.0742	0.382	0.0532	0.0962	1.22030889017726e-08	6.72931588200175e-19	0.013836559461387
chr12	62583789	62584513	Chimp_hyper_OD	Chimp-specific	725	21	-128.300464625633	0.1461	0.2292	0.2551	0.7041	0.203	0.1639	2.45809784781877e-14	7.86575127890877e-29	0.00363569166126611
chr11	71163268	71163721	Chimp_hyper_OD	Chimp-specific	454	17	-120.91555426748	0.0199	0.0729	0.0865	0.5143	0.0631	0.1519	1.41574217525712e-30	2.12863734788867e-21	0.321549024865583
chr3	68058352	68059731	Chimp_hyper_OD	Chimp-specific	1380	14	-115.87551985052	0.616	0.5092	0.6014	0.9036	0.7869	0.549	1.17995978422998e-22	2.41201004830421e-35	1.2789851067422e-07
chr2	237079076	237079717	Chimp_hyper_OD	Chimp-specific	642	23	-115.249418167402	0.0846	0.2159	0.1015	0.4893	0.1121	0.2936	2.58507240516473e-22	1.35402033200167e-16	0.139745516359204
chr12	131401113	131401736	Chimp_hyper_OD	Chimp-specific	624	18	-111.964502683248	0.22	0.2211	0.2315	0.6332	0.2622	0.0948	2.6052101457905e-18	1.5417514294108e-97	5.17783729625407e-12
chr7	17339577	17342632	Chimp_hyper_OD	Chimp-specific	3056	18	-108.486744418567	0.2638	0.3437	0.281	0.6453	0.3908	0.2763	1.44822338290274e-13	6.28433169215861e-108	4.25713388538114e-11
chr4	147573888	147575774	Chimp_hyper_OD	Chimp-specific	1887	14	-94.7909371008235	0.1206	0.1918	0.2242	0.636	0.1502	0.3582	2.16243359001112e-51	9.8215728418539e-09	2.823847772766e-07
chr15	93208386	93208694	Chimp_hyper_OD	Chimp-specific	309	10	-91.7708610326399	0.0267	0.1808	0.0483	0.6695	0.0193	0.3578	1.68157968213415e-26	8.78125958766031e-09	9.39770395493443e-08
chr18	77719549	77720824	Chimp_hyper_OD	Chimp-specific	1276	13	-91.2123324581616	0.4447	0.3993	0.2306	0.6948	0.4963	0.4449	4.0940880356225e-94	3.84362721049537e-87	5.7311465908375e-06
chr6	89745437	89746385	Chimp_hyper_OD	Chimp-specific	949	11	-87.2510722047234	0.2914	0.4865	0.2254	0.8084	0.3363	0.6126	8.06326461358769e-35	6.64536282098108e-29	0.654944213177592
chr13	79171756	79174591	Chimp_hyper_OD	Chimp-specific	2836	20	-86.093513149777	0.1391	0.2455	0.1011	0.3876	0.1713	0.2703	5.4091042112353e-09	6.20421430658722e-10	0.716362632029622
chr9	128507734	128508080	Chimp_hyper_OD	Chimp-specific	347	9	-82.9132863975999	0.3036	0.1996	0.4282	0.8134	0.3524	0.3584	1.29070988504751e-37	5.70531346116526e-34	0.000114465905455262
chr12	125333267	125334260	Chimp_hyper_OD	Chimp-specific	994	12	-79.8560496668136	0.307	0.3554	0.3076	0.7021	0.2591	0.3943	2.45261643579093e-16	2.107665053885e-10	0.00309461880371956
chr6	134175291	134175799	Chimp_hyper_OD	Chimp-specific	509	16	-77.6271701543254	0.1486	0.1491	0.2768	0.5151	0.0972	0.0649	2.10544796297017e-15	8.73802313854905e-19	0.0639372767379515
chr2	240896990	240898612	Chimp_hyper_OD	Chimp-specific	1623	14	-75.9995776632161	0.472	0.5093	0.3245	0.67	0.4831	0.4053	1.59934467915234e-24	1.95407881197649e-42	0.000143054501842154
chr12	3371308	3371792	Chimp_hyper_OD	Chimp-specific	485	10	-73.3761973769358	0.1853	0.3577	0.281	0.8315	0.3358	0.5166	3.07897149737872e-31	8.8354804852614e-27	0.553241345067978
chr16	89070647	89070824	Chimp_hyper_OD	Chimp-specific	178	14	-70.6073276662694	0.1945	0.0652	0.2353	0.4144	0.2076	0.1124	2.89855693140987e-10	7.26225402825541e-05	0.935555861920246
chr6	136704575	136705501	Chimp_hyper_OD	Chimp-specific	927	12	-69.9865911855387	0.467	0.5206	0.4461	0.7098	0.353	0.3384	7.52105328962814e-09	4.19138338327911e-11	0.305492740279805
chr3	147106455	147106686	Chimp_hyper_OD	Chimp-specific	232	16	-64.8432205119424	0.1246	0.3464	0.1133	0.5588	0.0722	0.1267	4.42171764656952e-13	2.26810727880866e-29	8.19474650423943e-11
chr22	39005152	39005647	Chimp_hyper_OD	Chimp-specific	496	10	-64.7699133091105	0.3209	0.2822	0.416	0.868	0.3363	0.2068	8.91477037302614e-17	1.60115219005804e-23	0.0350311340256109
chr2	158751459	158752009	Chimp_hyper_OD	Chimp-specific	551	13	-63.8793869152307	0.4731	0.5499	0.4353	0.7727	0.4194	0.3069	9.0343329179324e-08	2.05928407520394e-18	1.68274085183293e-06
chr15	101740007	101740264	Chimp_hyper_OD	Chimp-specific	258	6	-62.7641598716779	0.0768	0.3035	0.1005	0.9169	0.1158	0.5603	4.07614640589313e-36	3.92225697980256e-25	3.15904307780936e-05
chr21	38076684	38079203	Chimp_hyper_OD	Chimp-specific	2520	16	-62.0315087660743	0.0566	0.1613	0.0695	0.4905	0.0672	0.1371	1.73467233184155e-42	3.16744105075589e-49	0.0220871487405311
chr2	11672551	11672999	Chimp_hyper_OD	Chimp-specific	449	8	-59.1960942405527	0.4295	0.3035	0.4004	0.7319	0.5667	0.3724	1.10387074040026e-16	1.38336947188174e-30	0.31033172215563
chr12	94683546	94684274	Chimp_hyper_OD	Chimp-specific	729	12	-58.5712515399579	0.3777	0.425	0.3717	0.6532	0.5074	0.4129	8.24639114814843e-11	1.67966285209685e-28	2.6740401526888e-09
chr15	31397499	31398051	Chimp_hyper_OD	Chimp-specific	553	10	-58.3180226690338	0.2254	0.25	0.4682	0.8572	0.2774	0.0448	1.35847535960371e-24	2.12836022446573e-59	5.28376752200383e-15
chr8	89310117	89311738	Chimp_hyper_OD	Chimp-specific	1622	10	-57.749296325768	0.5426	0.4985	0.4621	0.7318	0.6185	0.596	1.22906546585944e-16	9.7693998106945e-19	0.653731575611242
chr18	32820085	32820386	Chimp_hyper_OD	Chimp-specific	302	7	-56.2341977338381	0.0159	0.0441	0.1218	0.5597	0.0678	0.1588	4.14933537731013e-32	5.41957388250984e-16	0.00403857841438116
chr6	161932586	161933006	Chimp_hyper_OD	Chimp-specific	421	8	-55.7808782566515	0.6549	0.4945	0.6098	0.8869	0.3895	0.2269	1.92057018418273e-17	1.79092738883265e-11	0.592798609715407
chr22	43829959	43830452	Chimp_hyper_OD	Chimp-specific	494	16	-55.3964428758304	0.3775	0.7684	0.3421	0.9164	0.4144	0.8411	1.55434944433125e-09	1.09116187524882e-05	0.176231782814987
chr12	54400159	54400361	Chimp_hyper_OD	Chimp-specific	203	14	-54.9938992485475	0.1312	0.34	0.1656	0.5574	0.1551	0.4151	4.66132010665601e-08	2.23489799403868e-06	0.348382584364321
chr2	216395750	216396359	Chimp_hyper_OD	Chimp-specific	610	5	-54.2935159413525	0.4073	0.3524	0.4347	0.9351	0.7875	0.5617	2.2771184712684e-35	5.87198143235775e-45	1.58481538586152e-05
chr6	97093336	97094305	Chimp_hyper_OD	Chimp-specific	970	8	-54.2605498015125	0.5411	0.5032	0.43	0.7666	0.4724	0.4217	8.65889112858493e-29	9.58621479046156e-29	0.419800622171653
chr2	201172735	201173803	Chimp_hyper_OD	Chimp-specific	1069	9	-53.7305789503289	0.0859	0.1389	0.0902	0.3976	0.1043	0.1684	4.54334159686075e-24	1.30140203321054e-12	0.225504077113105
chr13	100547223	100547498	Chimp_hyper_OD	Chimp-specific	276	14	-53.649890392057	0.1	0.3511	0.1571	0.6505	0.0306	0.0874	3.06574143866151e-08	1.31634607814993e-21	5.78532227416874e-06
chr10	125187893	125188616	Chimp_hyper_OD	Chimp-specific	724	12	-53.1948479114224	0.3034	0.4522	0.345	0.7246	0.2413	0.2661	2.59082614660223e-10	8.56516012717106e-18	1.90329141482556e-05
chr19	30715418	30715682	Chimp_hyper_OD	Chimp-specific	265	17	-52.9911622292197	0.0985	0.0935	0.0707	0.2242	0.1045	0.1342	1.70447168919439e-06	3.99331361234503e-06	0.263513835776272
chr17	75187320	75187717	Chimp_hyper_OD	Chimp-specific	398	10	-51.5022983536927	0.5008	0.6298	0.3804	0.7829	0.666	0.2846	1.13165381152148e-10	6.61142052960829e-96	3.51045835225198e-24
chr20	47942532	47943002	Chimp_hyper_OD	Chimp-specific	471	9	-50.7462025118729	0.2517	0.1758	0.4092	0.6879	0.1214	0.0764	5.60870122773818e-14	7.6069534458527e-15	0.744277544229276
chr19	39158103	39158609	Chimp_hyper_OD	Chimp-specific	507	8	-50.6619011873507	0.1242	0.372	0.1263	0.728	0.1231	0.144	7.45181202277607e-17	2.21886855991989e-49	5.30261807240856e-18
chr5	81048245	81048700	Chimp_hyper_OD	Chimp-specific	456	9	-50.5854801323227	0.6587	0.7089	0.5371	0.8798	0.621	0.6985	1.96852202083484e-10	8.64370312594136e-07	0.471305735823666
chr3	13458696	13459767	Chimp_hyper_OD	Chimp-specific	1072	7	-50.3267169022942	0.6889	0.653	0.5512	0.8909	0.555	0.5588	1.0664420687977e-31	1.08874317537858e-18	0.28017359104995
chr2	11696404	11696695	Chimp_hyper_OD	Chimp-specific	292	5	-50.2833549032923	0.2177	0.2457	0.1647	0.8406	0.391	0.5244	1.59385509616527e-51	1.94687022797782e-22	0.220197776422636
chr8	63603376	63603648	Chimp_hyper_OD	Chimp-specific	273	8	-49.8967088822322	0.4541	0.293	0.5783	0.7754	0.3581	0.1827	5.54890312438749e-17	3.9095304606424e-08	0.306750347269545
chr3	66535839	66536402	Chimp_hyper_OD	Chimp-specific	564	10	-49.7787440068846	0.3534	0.612	0.3171	0.8661	0.397	0.5897	5.81578676254328e-09	6.06438293616027e-10	0.140685872651093
chr9	119931620	119931958	Chimp_hyper_OD	Chimp-specific	339	5	-49.4743624396825	0.2401	0.1102	0.3392	0.6978	0.382	0.0552	1.70718554598841e-33	3.92588335202291e-54	3.30061873201555e-08
chr12	21981793	21982013	Chimp_hyper_OD	Chimp-specific	221	7	-49.3931729566568	0.4212	0.649	0.3868	0.9399	0.5822	0.3117	1.77221553301163e-16	2.66768820092013e-77	1.13000373414184e-24
chr8	11666492	11666810	Chimp_hyper_OD	Chimp-specific	319	7	-49.278212122681	0.1169	0.0261	0.1074	0.2836	0.143	0.143	9.30687782587418e-27	2.87735596917575e-08	9.94091530947403e-08
chr10	28036038	28036254	Chimp_hyper_OD	Chimp-specific	217	10	-48.8115242395568	0.3597	0.2422	0.4269	0.5761	0.338	0.2928	5.14027050074717e-09	2.33809777563796e-07	0.0552011126047621
chr2	109934665	109934926	Chimp_hyper_OD	Chimp-specific	262	10	-48.6947475421565	0.2385	0.3095	0.2744	0.6341	0.36	0.1563	2.33888158356295e-07	3.13617407946688e-16	2.43445127611691e-07
chr3	68053684	68055676	Chimp_hyper_OD	Chimp-specific	1993	8	-48.4552414483964	0.2944	0.3376	0.361	0.7542	0.3801	0.3774	9.93061295617299e-14	2.89352141605345e-15	0.170910050056338
chr15	70993691	70994682	Chimp_hyper_OD	Chimp-specific	992	10	-46.2373720341911	0.3288	0.4806	0.309	0.7468	0.3632	0.4644	1.30372964595558e-08	1.7199450767251e-13	0.0831887698094954
chr3	13105008	13106165	Chimp_hyper_OD	Chimp-specific	1158	6	-45.8142392655998	0.3826	0.5879	0.3598	0.8556	0.4374	0.3271	3.00162146572041e-24	3.78528916500627e-90	9.98742044560835e-25
chr6	167274335	167275281	Chimp_hyper_OD	Chimp-specific	947	8	-45.3237322925492	0.4583	0.6287	0.4342	0.8446	0.4304	0.6918	1.35723799084596e-14	6.57372399679277e-11	0.0525446745201443
chr10	126712941	126713297	Chimp_hyper_OD	Chimp-specific	357	9	-45.1419348892814	0.2516	0.2797	0.3527	0.6554	0.4176	0.2035	1.01444929183291e-14	8.68351170536821e-33	6.99137369209522e-11
chr2	201175762	201176505	Chimp_hyper_OD	Chimp-specific	744	7	-44.2348364637897	0.639	0.5846	0.5298	0.8092	0.687	0.6596	6.3210441946587e-12	1.08904410998392e-11	0.583581091144907
chr4	81122551	81122715	Chimp_hyper_OD	Chimp-specific	165	10	-43.7549195244044	0.136	0.3504	0.1572	0.6928	0.1256	0.2001	1.15377288034494e-08	3.15159317702086e-17	0.00122571071165659
chr3	74316587	74316978	Chimp_hyper_OD	Chimp-specific	392	9	-43.5068334510227	0.4324	0.4333	0.3927	0.6125	0.4692	0.3319	2.43838617866598e-09	1.45959372912474e-25	0.000374638963292255
chr18	3708683	3709474	Chimp_hyper_OD	Chimp-specific	792	8	-43.4850935300442	0.2743	0.669	0.2009	0.8716	0.423	0.6854	1.3563665067072e-27	1.93213634362593e-57	0.000557517490253321
chr1	188413245	188413511	Chimp_hyper_OD	Chimp-specific	267	6	-42.2774556504575	0.5487	0.6814	0.5021	0.9256	0.5675	0.3477	2.05206367027196e-15	2.0742182441965e-34	3.59101599556246e-21
chr1	87169350	87169666	Chimp_hyper_OD	Chimp-specific	317	8	-41.8446590755825	0.0118	0.1333	0.0592	0.4036	0.0283	0.0416	1.00076506343735e-14	4.2365244521627e-69	3.49580695438859e-23
chr13	109849352	109849678	Chimp_hyper_OD	Chimp-specific	327	9	-41.135405068705	0.5943	0.6435	0.5437	0.8606	0.559	0.2742	2.77938663008846e-06	2.11861534895832e-29	3.33701568616929e-11
chr18	31705999	31706283	Chimp_hyper_OD	Chimp-specific	285	5	-40.7819843260456	0.2518	0.4073	0.2468	0.7924	0.3588	0.2058	1.55209385271219e-21	4.24681709578773e-40	2.9307790674311e-11
chr14	86897279	86897519	Chimp_hyper_OD	Chimp-specific	241	6	-40.3673759099826	0.5221	0.4556	0.4648	0.7627	0.2998	0.1995	1.70620398417004e-12	1.76582964650788e-15	0.624267878814714
chr8	53011804	53012387	Chimp_hyper_OD	Chimp-specific	584	7	-40.3383267496875	0.5645	0.6855	0.5166	0.8369	0.4115	0.5349	3.9140662956122e-07	0.000482378862237353	0.749571069827554
chr1	54793033	54793370	Chimp_hyper_OD	Chimp-specific	338	7	-40.1110824234439	0.1404	0.2543	0.1929	0.6458	0.1333	0.106	2.29008274295220e-12	2.95240215799207e-34	0.00108738962358277
chr20	56307295	56308430	Chimp_hyper_OD	Chimp-specific	1136	7	-39.3853512710898	0.6837	0.5881	0.7043	0.8709	0.65	0.6552	5.79799515698212e-11	2.38876790291833e-07	0.0975437142667319
chr10	23482734	23484440	Chimp_hyper_OD	Chimp-specific	1707	11	-39.2123548076209	0.0698	0.0637	0.1913	0.3929	0.0528	0.0555	1.30728181111799e-20	1.40078237770452e-22	0.41206630184249
chr3	68053371	68053564	Chimp_hyper_OD	Chimp-specific	194	6	-39.1605206366144	0.1213	0.0406	0.2214	0.448	0.1792	0.1136	9.1354543395275e-20	2.80767755250083e-09	0.138324942695325
chr11	133992507	133993756	Chimp_hyper_OD	Chimp-specific	1250	8	-38.961067288832	0.6734	0.6944	0.5797	0.8562	0.6336	0.5775	1.26432565335432e-12	1.8155312566629e-20	3.2795466416527e-08
chr19	1356315	1357022	Chimp_hyper_OD	Chimp-specific	708	9	-38.7109107494029	0.147	0.3401	0.1714	0.5697	0.2866	0.3464	8.98744751637504e-12	2.08041045743687e-30	3.23865573093308e-12
chr2	175431739	175432071	Chimp_hyper_OD	Chimp-specific	333	8	-37.8552387387189	0.4113	0.5181	0.4341	0.8182	0.3357	0.1609	6.15047744831483e-06	1.86977848784029e-23	5.51404518133853e-10
chr5	6845368	6846079	Chimp_hyper_OD	Chimp-specific	712	5	-37.8518889089626	0.5318	0.5901	0.3366	0.7598	0.2168	0.471	2.3245392010845e-22	6.24088531743084e-09	1.70537154752852e-06
chr1	167408346	167409207	Chimp_hyper_OD	Chimp-specific	862	7	-37.577965575949	0.0832	0.0687	0.5477	0.8665	0.411	0.4242	1.93219925247037e-34	4.63269806944277e-12	0.0104689909599927
chr16	7987756	7988376	Chimp_hyper_OD	Chimp-specific	621	7	-37.5555340265864	0.2295	0.2678	0.3422	0.7644	0.4542	0.4962	1.09516115873557e-11	1.14004922993314e-12	0.692440514372916
chr4	154388834	154389325	Chimp_hyper_OD	Chimp-specific	492	7	-37.428717915779	0.1454	0.3177	0.1449	0.5363	0.3096	0.1087	6.42829178281458e-13	7.98377488289789e-112	1.41659048175721e-32
chr3	47647355	47647886	Chimp_hyper_OD	Chimp-specific	532	5	-37.1812220258969	0.1659	0.4111	0.2499	0.8694	0.407	0.5641	5.06062005945225e-25	4.9816926019645e-50	0.00104215799267733
chr9	27329316	27329585	Chimp_hyper_OD	Chimp-specific	270	6	-36.4478968573128	0.0295	0.3003	0.0335	0.6626	0.0186	0.0617	3.21682989903186e-10	1.81217763996241e-48	5.77643477975417e-11
chr22	45201670	45201882	Chimp_hyper_OD	Chimp-specific	213	6	-36.0961571033457	0.6463	0.575	0.6984	0.917	0.2056	0.0431	2.35729692033965e-09	1.1104204926252e-19	0.000920321787009645
chr17	75147209	75147826	Chimp_hyper_OD	Chimp-specific	618	6	-35.9963048798592	0.3847	0.2822	0.2284	0.5709	0.3476	0.3876	1.08668343630184e-31	1.02868321527243e-14	4.33236364983238e-07
chr16	6532586	6532762	Chimp_hyper_OD	Chimp-specific	177	9	-35.8838078953074	0.0633	0.4289	0.0359	0.5685	0.094	0.4684	1.12988230379921e-06	7.31481337711515e-11	0.476047200748519
chr2	135475010	135475247	Chimp_hyper_OD	Chimp-specific	238	8	-35.7740180425269	0.1787	0.1578	0.195	0.4075	0.2318	0.1722	1.10531121014781e-05	1.90070841780829e-09	0.566020827205895
chr2	134931254	134931437	Chimp_hyper_OD	Chimp-specific	184	5	-35.3706554560147	0.2851	0.1909	0.382	0.6933	0.3519	0.2619	4.54576551154006e-09	1.32213227366593e-07	0.79778769428382
chr2	69693876	69695307	Chimp_hyper_OD	Chimp-specific	1432	6	-35.0597926959744	0.5637	0.5514	0.5784	0.7866	0.202	0.2245	0.000834830237655404	0.00319290469804826	0.958280176230734
chr17	746174	746504	Chimp_hyper_OD	Chimp-specific	331	10	-35.0089826211752	0.3403	0.5368	0.4155	0.8431	0.3074	0.4081	2.32562650092034e-05	2.07148748292117e-06	0.170785731109033
chr16	79284518	79284840	Chimp_hyper_OD	Chimp-specific	323	6	-34.9841953594946	0.6272	0.5393	0.6338	0.8606	0.6884	0.5463	2.13696796216221e-15	6.77746130870202e-19	0.0403668889308259
chr8	125382357	125383339	Chimp_hyper_OD	Chimp-specific	983	7	-34.746283482432	0.144	0.3396	0.2404	0.6701	0.3154	0.4246	2.89573935262709e-11	1.63295055854851e-21	0.000122994157132338
chr1	209430431	209430604	Chimp_hyper_OD	Chimp-specific	174	7	-34.6695283783641	0.3809	0.5471	0.4296	0.8811	0.5919	0.6818	2.09725883737977e-07	1.1963746797601e-09	0.342746762791668
chr17	77334310	77335221	Chimp_hyper_OD	Chimp-specific	912	6	-34.3356416973525	0.5122	0.4162	0.6424	0.7925	0.4926	0.4708	1.4899743393351e-11	3.74373302345197e-05	0.0569157300294841
chr19	4784780	4785161	Chimp_hyper_OD	Chimp-specific	382	10	-34.040670200177	0.0598	0.397	0.1809	0.893	0.0218	0.0957	1.32579478833317e-10	1.6629602693292e-53	2.03079395329153e-08
chr3	192289192	192289263	Chimp_hyper_OD	Chimp-specific	72	10	-33.9848595988301	0.047	0.1879	0.09	0.5292	0.0175	0.1607	0.00133556538712421	0.00543170915451518	0.44099503815534
chr5	121462406	121462818	Chimp_hyper_OD	Chimp-specific	413	8	-33.983822139134	0.12	0.2849	0.1642	0.6368	0.2667	0.2933	1.76642691434436e-13	1.51252919206982e-29	5.57561633599525e-06
chr12	104074777	104074868	Chimp_hyper_OD	Chimp-specific	92	4	-33.9644224056835	0.2155	0.1954	0.3862	0.8906	0.3288	0.0934	1.00221137859463e-16	2.18529145603894e-37	1.59525268454903e-05
chr13	79169230	79169441	Chimp_hyper_OD	Chimp-specific	212	8	-33.8879611809442	0.1049	0.169	0.082	0.3228	0.0363	0.0404	6.52722926781738e-08	3.91849078474301e-17	0.0882765256764687
chr15	89634151	89634837	Chimp_hyper_OD	Chimp-specific	687	9	-33.6579359044272	0.1363	0.249	0.1108	0.4159	0.1682	0.1074	0.000186906729057475	2.34129240910434e-29	2.35854900239717e-06
chr15	72521434	72521755	Chimp_hyper_OD	Chimp-specific	322	6	-33.3895552830746	0.0175	0.1196	0.0312	0.3946	0.0204	0.0185	5.63849622951421e-12	7.84216648439246e-34	1.13047404191551e-14
chr16	86603948	86604757	Chimp_hyper_OD	Chimp-specific	810	9	-33.3448990070727	0.194	0.3011	0.3544	0.676	0.1779	0.2275	9.54005469388073e-07	6.42162592373142e-12	0.109579032746409
chr12	111610558	111610777	Chimp_hyper_OD	Chimp-specific	220	7	-33.3156710010823	0.4306	0.6892	0.4243	0.8755	0.2614	0.3921	6.81477748080855e-12	6.8806415091465e-14	0.0048280484383112
chr2	162275746	162275925	Chimp_hyper_OD	Chimp-specific	180	5	-33.2569414375952	0.0444	0.4357	0.0679	0.8321	0.0815	0.3872	1.62791491222827e-13	6.39181290432945e-24	3.71997790181813e-05
chr17	70121527	70123061	Chimp_hyper_OD	Chimp-specific	1535	6	-33.1303980831872	0.5594	0.5295	0.7226	0.8673	0.7291	0.6268	1.50315592101673e-05	1.52602152951039e-11	0.0067839719397971
chr3	192288701	192289018	Chimp_hyper_OD	Chimp-specific	318	6	-32.5258255735069	0.1004	0.1459	0.1302	0.5366	0.1872	0.3202	2.57697324030588e-10	4.97711892317574e-07	0.0211041296916372
chr9	103792812	103794999	Chimp_hyper_OD	Chimp-specific	2188	7	-32.4946644143707	0.5359	0.5764	0.5523	0.7918	0.5172	0.6826	3.19000026028003e-09	7.19419162432535e-09	0.130169105508217
chr8	2675794	2676338	Chimp_hyper_OD	Chimp-specific	545	7	-32.4580951422855	0.1784	0.3434	0.2048	0.622	0.381	0.4003	5.26380248648767e-10	1.25078579336832e-17	0.000217698099477237
chr8	1405352	1405620	Chimp_hyper_OD	Chimp-specific	269	7	-31.8757952860942	0.4803	0.6748	0.4804	0.8896	0.414	0.6541	5.1688509496477e-08	3.16295985342525e-07	0.599598982830352
chr1	169092335	169092957	Chimp_hyper_OD	Chimp-specific	623	7	-31.3604715343288	0.2506	0.5608	0.2796	0.8119	0.2792	0.4305	2.67521571268222e-08	4.06012829327688e-47	1.29009120425519e-07
chr10	36594284	36594720	Chimp_hyper_OD	Chimp-specific	437	5	-31.3076664650165	0.5385	0.6584	0.3741	0.8257	0.5455	0.6287	4.58240251638316e-18	2.17262270867933e-27	0.545361692094434
chr2	66807148	66807536	Chimp_hyper_OD	Chimp-specific	389	5	-31.2036672256158	0.169	0.2419	0.1303	0.433	0.0988	0.1345	4.65757724342475e-15	1.467785539666e-23	0.0975564644751722
chr4	129474670	129474782	Chimp_hyper_OD	Chimp-specific	113	6	-31.0369312064985	0.1659	0.4967	0.2762	0.9181	0.17	0.5867	4.5254424598428e-06	0.000693865604492047	0.369118783244292
chr10	73603269	73604060	Chimp_hyper_OD	Chimp-specific	792	5	-30.8461437058399	0.233	0.2878	0.5068	0.8438	0.4004	0.5214	1.6245557743275e-19	1.59186109077276e-12	0.041397345099001
chr1	88704191	88704311	Chimp_hyper_OD	Chimp-specific	121	4	-30.6548615016582	0.7561	0.6445	0.735	0.9162	0.6983	0.6689	2.65642089752787e-18	1.43656710919156e-08	0.0109664214538062
chr17	9147889	9148123	Chimp_hyper_OD	Chimp-specific	235	6	-30.6254902812921	0.1953	0.6258	0.1754	0.8445	0.21	0.1319	2.90447099770299e-12	1.31375770001888e-97	3.81705003957625e-40
chr5	72597625	72597968	Chimp_hyper_OD	Chimp-specific	344	9	-30.4694991798508	0.0737	0.1546	0.0704	0.3212	0.1456	0.1786	8.64012735972332e-10	8.69336831240413e-20	0.000151514720322275
chr11	33514109	33514577	Chimp_hyper_OD	Chimp-specific	469	8	-30.1258505673593	0.4344	0.6337	0.4483	0.7356	0.4688	0.378	0.00157141069065021	1.45289818781399e-25	8.00096060206931e-13
chr11	117744094	117744759	Chimp_hyper_OD	Chimp-specific	666	6	-29.9873181327767	0.3294	0.5445	0.272	0.8198	0.5038	0.6317	7.39977391427211e-13	1.06332194125066e-34	0.0433218263159184
chr2	154332157	154332249	Chimp_hyper_OD	Chimp-specific	93	4	-29.8892109886334	0.3449	0.4352	0.4819	0.9218	0.4594	0.5971	2.57573221433716e-20	1.89368232442495e-19	0.46112383482038
chr11	13359792	13361389	Chimp_hyper_OD	Chimp-specific	1598	7	-29.8250788980481	0.5439	0.7241	0.4479	0.8388	0.6391	0.6518	3.80384647420814e-10	2.19508923756128e-24	5.63642027408662e-08
chr14	91020170	91020338	Chimp_hyper_OD	Chimp-specific	169	4	-29.7813730341593	0.4751	0.3277	0.2276	0.5865	0.0497	0.0869	1.51497273156764e-17	1.39183930862087e-05	0.00219308198835893
chr11	84634581	84635296	Chimp_hyper_OD	Chimp-specific	716	6	-29.6533920199504	0.027	0.132	0.038	0.3741	0.0238	0.1408	3.8151647454236e-13	4.63975575440291e-16	0.978630936844428
chr17	49339204	49339473	Chimp_hyper_OD	Chimp-specific	270	7	-29.6338716989982	0.1567	0.3132	0.15	0.4819	0.3374	0.2994	8.10013099261949e-06	4.48859594628417e-16	3.29865605235806e-06
chr1	66259645	66259927	Chimp_hyper_OD	Chimp-specific	283	6	-29.2581770965134	0.2114	0.5004	0.2355	0.7504	0.2129	0.5519	1.04043260060119e-08	0.000142617410002619	0.213035304475929
chr3	74611892	74612351	Chimp_hyper_OD	Chimp-specific	460	5	-29.0475047089158	0.2179	0.356	0.2686	0.6126	0.5028	0.2408	1.94798132320794e-07	1.93552671714745e-39	3.20448001197643e-20
chr6	134214764	134215200	Chimp_hyper_OD	Chimp-specific	437	6	-28.7126091839874	0.153	0.2015	0.2954	0.5932	0.2034	0.2231	2.12271933234411e-12	2.50415928249215e-08	0.148430387787512
chr17	38708238	38709163	Chimp_hyper_OD	Chimp-specific	926	5	-28.7045564835957	0.4201	0.304	0.3162	0.6069	0.4399	0.3185	1.2467962861312e-34	2.38969074904151e-19	0.836641771838672
chr20	3994726	3995108	Chimp_hyper_OD	Chimp-specific	383	5	-28.4189097757563	0.0261	0.1874	0.0415	0.4488	0.0124	0.1562	4.46674135918693e-12	6.17390640204952e-18	0.903960834591928
chr17	19988725	19989089	Chimp_hyper_OD	Chimp-specific	365	7	-28.3497289326722	0.0823	0.1293	0.0512	0.2352	0.0494	0.0946	2.16484128792911e-05	3.79976507247011e-06	0.66828389417455
chr4	166243335	166243646	Chimp_hyper_OD	Chimp-specific	312	4	-28.1654821134902	0.3846	0.4487	0.3093	0.752	0.3383	0.436	3.37985962061411e-13	5.14761995754548e-09	0.952006909254575
chr2	103059516	103059987	Chimp_hyper_OD	Chimp-specific	472	6	-28.1001606680423	0.1548	0.2077	0.225	0.4888	0.148	0.0785	1.50376328581151e-07	6.24078946951136e-17	6.03674915145475e-10
chr20	50084439	50084736	Chimp_hyper_OD	Chimp-specific	298	6	-28.0949162195733	0.7112	0.6772	0.7035	0.8493	0.5207	0.5558	6.75059753635023e-09	9.71476516781451e-05	0.0627279348494417
chr12	131170100	131171566	Chimp_hyper_OD	Chimp-specific	1467	7	-28.0923188186679	0.3852	0.4886	0.3999	0.8631	0.247	0.4516	1.75553423021245e-14	5.88212485566776e-07	0.00397579428738002
chr2	97592743	97594141	Chimp_hyper_OD	Chimp-specific	1399	5	-27.8809540864819	0.2965	0.2918	0.3017	0.4836	0.1987	0.2077	1.4107418046905e-06	0.000659278856251135	0.303365566258264
chr15	52485646	52486235	Chimp_hyper_OD	Chimp-specific	590	5	-27.7952264041812	0.545	0.4069	0.5094	0.7342	0.3473	0.422	3.06345531083213e-16	2.07400057365783e-06	9.06360942444524e-06
chr11	17786769	17786851	Chimp_hyper_OD	Chimp-specific	83	7	-27.6303918198754	0.0389	0.6338	0.0524	0.8508	0.0538	0.34	2.63968355623026e-06	7.46945722546602e-22	9.28910600419764e-16
chr8	95246369	95246514	Chimp_hyper_OD	Chimp-specific	146	7	-27.6213929028921	0.0714	0.0692	0.2799	0.4828	0.0299	0.0317	1.93175911389817e-05	0.00216776382371422	0.644588204960647
chr6	127780067	127780430	Chimp_hyper_OD	Chimp-specific	364	6	-27.367119464222	0.3547	0.3451	0.4482	0.7338	0.4478	0.4792	1.58362872626418e-10	2.48811574718428e-06	0.345107110611844
chr6	25138310	25138551	Chimp_hyper_OD	Chimp-specific	242	5	-27.3554655217327	0.1515	0.0846	0.2748	0.5307	0.0763	0.0472	1.06865524395831e-09	6.56874853492264e-06	0.510407277571538
chr12	106484505	106484663	Chimp_hyper_OD	Chimp-specific	159	5	-27.2764782767443	0.4635	0.5522	0.4489	0.886	0.2022	0.1571	1.22877137173078e-19	7.60090809925821e-23	0.00147194675494663
chr12	113229955	113230180	Chimp_hyper_OD	Chimp-specific	226	7	-27.0855884927381	0.0043	0.0216	0.0129	0.1711	0.0041	0.0492	1.55233093499093e-14	7.59828795328907e-05	0.0556854949494355
chr9	122829083	122829289	Chimp_hyper_OD	Chimp-specific	207	4	-26.9434325501733	0.1948	0.374	0.2406	0.7594	0.4157	0.3354	8.02111507460626e-10	3.75336257162593e-40	4.59899066874449e-07
chr2	66809772	66810196	Chimp_hyper_OD	Chimp-specific	425	6	-26.9366375056743	0.2023	0.3003	0.1203	0.4069	0.2166	0.3175	8.60636881670842e-12	1.08608885172021e-08	0.847525149229792
chr6	27059525	27059702	Chimp_hyper_OD	Chimp-specific	178	8	-26.9307843100856	0.017	0.0239	0.0386	0.1677	0.011	0.0437	5.64217408516031e-08	0.000266087511158895	0.0090403631847005
chr5	72528041	72528242	Chimp_hyper_OD	Chimp-specific	202	6	-26.9057068689724	0.1234	0.5405	0.075	0.6976	0.1105	0.2239	2.94930849320364e-11	1.52191886322266e-39	7.09308459512825e-13
chr10	87783910	87784121	Chimp_hyper_OD	Chimp-specific	212	5	-26.9018701312841	0.2221	0.3252	0.128	0.5294	0.169	0.3046	2.26476875696892e-13	2.30891173151911e-09	0.451757829216304
chr12	112806787	112806951	Chimp_hyper_OD	Chimp-specific	165	4	-26.5655892680374	0.2398	0.1068	0.3068	0.5584	0.3385	0.1049	2.34121454271539e-19	5.63494151377039e-20	0.00659998524293087
chr4	5982069	5982349	Chimp_hyper_OD	Chimp-specific	281	5	-26.0964549568736	0.2003	0.4436	0.3534	0.8995	0.6238	0.5114	8.74819716531308e-11	2.13737026603603e-36	8.76162242013548e-15
chr4	180981242	180981317	Chimp_hyper_OD	Chimp-specific	76	4	-26.0621041968516	0.0591	0.1528	0.0699	0.4947	0.0196	0.1451	1.36161658554875e-15	2.36808959446671e-10	0.00645071134922709
chr5	58656047	58656302	Chimp_hyper_OD	Chimp-specific	256	5	-26.0163724103829	0.7255	0.7142	0.6683	0.9347	0.7259	0.7853	2.32856871898645e-11	4.64023228520402e-13	0.0981490567130648
chr13	103048918	103049588	Chimp_hyper_OD	Chimp-specific	671	6	-25.9339541773011	0.1676	0.5634	0.22	0.8155	0.1483	0.6074	1.99718852546498e-09	0.000121664982676102	0.105959490175305
chr5	173342006	173342388	Chimp_hyper_OD	Chimp-specific	383	5	-25.922801945148	0.2572	0.2757	0.2345	0.5156	0.2038	0.1411	1.12269595063712e-12	5.57472180762788e-19	0.0292676139016549
chr12	43681433	43681951	Chimp_hyper_OD	Chimp-specific	519	6	-25.8280928681745	0.5601	0.6157	0.6799	0.912	0.5597	0.4185	4.95805935987003e-06	5.02075461580447e-36	9.03094407808862e-06
chr8	73856335	73856425	Chimp_hyper_OD	Chimp-specific	91	7	-25.7470413060141	0.1256	0.5736	0.3126	0.9353	0.1231	0.0681	1.02031263212495e-05	1.00577541357265e-45	6.9315698057171e-34
chr10	11049669	11049809	Chimp_hyper_OD	Chimp-specific	141	5	-25.6567058126633	0.0685	0.6314	0.0936	0.8839	0.0388	0.6278	4.41706724016699e-05	0.00154665301389885	0.580995459761101
chr16	65153383	65154058	Chimp_hyper_OD	Chimp-specific	676	5	-25.6261449449337	0.2302	0.3121	0.2135	0.6512	0.188	0.266	1.63950853697845e-09	4.87118264860011e-13	0.963816531246899
chr12	41671037	41671185	Chimp_hyper_OD	Chimp-specific	149	4	-25.5981287924186	0.0263	0.0933	0.0854	0.3835	0.0296	0.1508	1.97057968581726e-09	0.0131508820112673	0.0256860615713477
chr2	222481393	222481513	Chimp_hyper_OD	Chimp-specific	121	7	-25.5822626902517	0.3851	0.4141	0.5122	0.784	0.6334	0.3929	0.00119820714270651	1.19670936868687e-11	6.96981178633289e-05
chr1	193502707	193502995	Chimp_hyper_OD	Chimp-specific	289	5	-25.5082101759501	0.2775	0.2437	0.3558	0.6115	0.3324	0.4134	6.62841797875189e-07	0.00229338767946131	0.0632655811697893
chr2	66806136	66806646	Chimp_hyper_OD	Chimp-specific	511	6	-25.4423125710522	0.1575	0.3221	0.0972	0.4708	0.0641	0.1213	1.90124870110918e-12	1.32648826270262e-32	0.0023634729619834
chr10	65625702	65625901	Chimp_hyper_OD	Chimp-specific	200	6	-25.3813930817349	0.4676	0.515	0.4361	0.708	0.2731	0.251	2.6072097600667e-07	3.70698372295332e-09	0.201988174031313
chr6	3473586	3473667	Chimp_hyper_OD	Chimp-specific	82	4	-25.3072042189922	0.2829	0.189	0.4701	0.7	0.2813	0.1745	5.85787856546445e-06	7.31743061014761e-11	0.651798121671598
chr10	119293360	119293504	Chimp_hyper_OD	Chimp-specific	145	7	-25.1471492714785	0.2477	0.6233	0.2174	0.7953	0.399	0.6856	0.00022994023517008	5.38815467630159e-07	0.151139983354758
chr6	42739049	42739359	Chimp_hyper_OD	Chimp-specific	311	6	-25.1319251962156	0.0522	0.1492	0.0955	0.4131	0.0112	0.1246	6.21881426682486e-10	9.24415562060161e-05	0.119443119992573
chr1	189756474	189756569	Chimp_hyper_OD	Chimp-specific	96	7	-25.1176296273608	0.1697	0.3065	0.2534	0.5722	0.2168	0.1037	0.00293844958167745	5.86092399806957e-18	4.37295117339113e-10
chr5	155823117	155823337	Chimp_hyper_OD	Chimp-specific	221	5	-24.7541243248198	0.3621	0.7059	0.3075	0.8399	0.381	0.6189	5.43289993421461e-06	1.05566644690111e-09	0.00670871825784433
chr16	79362490	79363037	Chimp_hyper_OD	Chimp-specific	548	5	-24.4676592027984	0.3077	0.1581	0.3285	0.552	0.2882	0.158	1.15928380056045e-13	2.19532422237161e-10	0.219727646263847
chr18	71717968	71718277	Chimp_hyper_OD	Chimp-specific	310	5	-24.3816948932781	0.0936	0.4216	0.0817	0.6931	0.1376	0.1496	3.91698634411201e-13	4.72517028237543e-51	2.7057006180276e-21
chr5	16549873	16550069	Chimp_hyper_OD	Chimp-specific	197	4	-24.2827368729679	0.615	0.8044	0.5725	0.9564	0.7438	0.6814	4.33524422611154e-09	1.69629747414518e-25	1.30594867426332e-08
chr10	133355453	133355558	Chimp_hyper_OD	Chimp-specific	106	5	-24.2140835020763	0.1328	0.6372	0.1693	0.8874	0.1366	0.1424	7.37758850633497e-07	1.45487397035458e-62	6.44183707016827e-28
chr14	104025563	104026072	Chimp_hyper_OD	Chimp-specific	510	5	-24.1330028867818	0.5122	0.5821	0.4784	0.7219	0.3584	0.4935	1.3042755258155e-05	0.000228181737050105	0.23209771503019
chr3	61326515	61327021	Chimp_hyper_OD	Chimp-specific	507	7	-23.7733487261583	0.1208	0.387	0.2054	0.7082	0.1872	0.2406	7.71151815810522e-06	3.69011791452169e-21	4.89460906846321e-11
chr7	107334370	107334709	Chimp_hyper_OD	Chimp-specific	340	5	-23.6955137372465	0.3677	0.3976	0.5268	0.7662	0.0974	0.0282	1.68695460380811e-06	2.023393520754e-14	0.00159412446943444
chr11	24516807	24517886	Chimp_hyper_OD	Chimp-specific	1080	6	-23.5445491225968	0.4757	0.5658	0.3422	0.7794	0.3584	0.5527	1.69875436580552e-22	8.69693442274961e-14	0.000313211841526216
chr22	49844191	49844510	Chimp_hyper_OD	Chimp-specific	320	4	-23.3938211371994	0.5301	0.4025	0.3766	0.6776	0.4578	0.5126	2.20741131391973e-13	6.67595077605706e-05	0.000644722915771643
chr14	36962993	36963904	Chimp_hyper_OD	Chimp-specific	912	4	-23.1804717833219	0.3775	0.3327	0.5437	0.754	0.4495	0.3677	7.82968447915878e-12	5.67878948870344e-25	0.0514009629198122
chr18	53065487	53065876	Chimp_hyper_OD	Chimp-specific	390	6	-22.6765067577357	0.1865	0.4701	0.1856	0.6848	0.1268	0.3254	1.05918705072617e-05	1.65566364467871e-11	0.0386912625966328
chr16	9975603	9975817	Chimp_hyper_OD	Chimp-specific	215	4	-22.5784735900506	0.668	0.6583	0.5765	0.8638	0.7383	0.7604	5.82200945615027e-12	5.95299289981795e-09	0.490429615953114
chr10	11136139	11136494	Chimp_hyper_OD	Chimp-specific	356	5	-22.4950308055726	0.3935	0.3704	0.4051	0.6594	0.3255	0.0776	2.04621346973456e-07	9.97624277542223e-27	9.33650434391799e-16
chr16	86608836	86608902	Chimp_hyper_OD	Chimp-specific	67	5	-22.457954558807	0.2545	0.2444	0.5873	0.7938	0.1564	0.1212	4.69660722335352e-05	0.000125826070016387	0.27061922044091
chr3	68057511	68057940	Chimp_hyper_OD	Chimp-specific	430	6	-22.4518644013278	0.4555	0.4172	0.3909	0.5675	0.2857	0.1611	5.35056012522318e-07	4.85638973424319e-08	0.0179722072758577
chr6	49126574	49127103	Chimp_hyper_OD	Chimp-specific	530	5	-22.4094681255847	0.7665	0.7405	0.7235	0.869	0.7528	0.6683	6.19237673819112e-12	9.11740748905974e-07	0.235044130528321
chr10	7914341	7914511	Chimp_hyper_OD	Chimp-specific	171	4	-22.0848920154232	0.0233	0.0356	0.3097	0.6189	0.018	0.0286	1.5829519140997e-12	1.07481440349878e-15	0.926685099612847
chr6	62994788	62995385	Chimp_hyper_OD	Chimp-specific	598	4	-21.8946894125186	0.0319	0.2063	0.0477	0.4837	0.0183	0.1456	1.07689969055759e-14	2.87126706202169e-18	0.0809618116470772
chr11	58948103	58948768	Chimp_hyper_OD	Chimp-specific	666	4	-21.8721891144501	0.6005	0.5323	0.5854	0.8325	0.3362	0.2118	1.87665603912956e-12	3.08616722890611e-25	0.187985445983515
chr2	201244860	201245149	Chimp_hyper_OD	Chimp-specific	290	5	-21.8699023073464	0.1484	0.2852	0.107	0.4867	0.256	0.3245	1.49231256651413e-08	8.33972154954368e-11	0.056674616786411
chr10	26503995	26504442	Chimp_hyper_OD	Chimp-specific	448	5	-21.7127389372107	0.0792	0.0922	0.1236	0.3109	0.1217	0.0985	4.55053293647571e-08	7.4813441419368e-09	0.569986021741284
chr5	137791003	137791079	Chimp_hyper_OD	Chimp-specific	77	6	-21.5313491943045	0.0513	0.2917	0.0418	0.5293	0.0342	0.3776	4.49236856384913e-06	0.0130210728773576	0.075244636064246
chr5	14817113	14817413	Chimp_hyper_OD	Chimp-specific	301	5	-21.4182288773288	0.3307	0.2279	0.3687	0.5309	0.3775	0.2556	0.000432791060096738	4.74110620191927e-05	0.760560000486928
chr12	111860996	111861236	Chimp_hyper_OD	Chimp-specific	241	4	-21.3518902697097	0.4669	0.5475	0.4172	0.8474	0.2675	0.056	9.32069020913177e-15	2.2863193046165e-46	3.58222960987432e-19
chr6	166051237	166051325	Chimp_hyper_OD	Chimp-specific	89	5	-21.3239570994654	0.4087	0.5908	0.355	0.8206	0.2874	0.5751	4.21129389288374e-11	0.000226335294200731	0.0322254094248161
chr10	51572718	51572907	Chimp_hyper_OD	Chimp-specific	190	5	-21.2665552407002	0.2334	0.2719	0.262	0.4579	6e-04	0.0156	2.86021606760449e-05	0.000329087635789123	0.65682147321413
chr2	110010400	110010451	Chimp_hyper_OD	Chimp-specific	52	5	-21.2178664708959	0.8176	0.7844	0.7803	0.9359	0.7544	0.7456	2.38374296601291e-08	3.46799822573278e-06	0.320578359392317
chr14	89969470	89969962	Chimp_hyper_OD	Chimp-specific	493	4	-21.0982754015493	0.2319	0.1954	0.4544	0.6815	0.3293	0.3036	4.71006698923087e-09	1.42466606350688e-08	0.895954756682499
chr3	64297480	64297961	Chimp_hyper_OD	Chimp-specific	482	4	-20.966563669694	0.2819	0.4643	0.2759	0.7405	0.3499	0.5865	1.94971446413591e-11	4.92736036713067e-14	0.609228463613757
chr21	35964976	35965105	Chimp_hyper_OD	Chimp-specific	130	4	-20.9591636739331	0.1479	0.6163	0.171	0.8799	0.1137	0.5698	7.48174471878506e-09	3.97921472954172e-10	0.722000397404828
chr20	39373094	39373289	Chimp_hyper_OD	Chimp-specific	196	6	-20.5734949856508	0.2454	0.3346	0.3508	0.679	0.3325	0.4101	4.47358605871106e-06	2.38281756680092e-07	0.960469919961042
chr9	91759951	91760306	Chimp_hyper_OD	Chimp-specific	356	4	-20.4985409520166	0.2252	0.2067	0.2535	0.5061	0.1785	0.0558	6.14590327582845e-07	1.62471509952544e-24	0.000131776992224303
chr5	141348252	141348342	Chimp_hyper_OD	Chimp-specific	91	5	-20.4419734864054	0.03	0.0951	0.2694	0.5996	0.214	0.2397	0.000911914188538666	1.60230704817438e-05	0.0540925862928656
chr2	66810551	66810773	Chimp_hyper_OD	Chimp-specific	223	5	-20.3889334252966	0.1457	0.1588	0.0562	0.2696	0.0964	0.0978	1.1140788199743e-11	1.15109196949077e-10	0.84847076377417
chr1	202442263	202443051	Chimp_hyper_OD	Chimp-specific	789	5	-20.2055159033984	0.1276	0.4317	0.1167	0.654	0.0862	0.4264	1.59492199358729e-07	0.00110256504218401	0.0399847062806471
chr12	111872162	111872336	Chimp_hyper_OD	Chimp-specific	175	5	-20.12086141172	0.558	0.662	0.5248	0.8073	0.1555	0.1651	7.89866580791439e-06	1.50867762180467e-13	0.010240836793144
chr3	9038745	9039437	Chimp_hyper_OD	Chimp-specific	693	6	-20.0799584695542	0.3992	0.5412	0.4913	0.8058	0.5424	0.6692	0.00133010423846324	3.86424228977823e-06	0.00621086072751114
chr15	79164530	79164622	Chimp_hyper_OD	Chimp-specific	93	4	-19.9665353662186	0.0494	0.2582	0.0742	0.5905	0.0856	0.2273	1.00426165824436e-09	7.08884594998611e-30	0.0107959660518394
chr1	193150454	193150622	Chimp_hyper_OD	Chimp-specific	169	4	-19.7393398248563	0.4612	0.3423	0.4697	0.6862	0.4096	0.4236	1.34290827682948e-13	0.00010669900291838	0.0305611922995091
chr2	135927813	135927884	Chimp_hyper_OD	Chimp-specific	72	4	-19.708511176219	0.3006	0.4285	0.393	0.7709	0.4017	0.5927	2.36235169581002e-08	0.0254164966674098	0.332541339770864
chr8	130974817	130975002	Chimp_hyper_OD	Chimp-specific	186	4	-19.5882369507771	0.0526	0.2367	0.0456	0.4743	0.0268	0.2705	2.67098631041425e-10	6.1199687769692e-05	0.00841544788303086
chr10	63659558	63659759	Chimp_hyper_OD	Chimp-specific	202	6	-19.5046525815192	0.1824	0.263	0.2618	0.5248	0.1455	0.194	0.000144207335359568	2.33181669090852e-07	0.288258900915308
chr18	3603408	3603660	Chimp_hyper_OD	Chimp-specific	253	4	-19.3657589633517	0.0797	0.039	0.127	0.3398	0.1374	0.1234	6.45023571046439e-07	0.000135930366941288	0.127025303677231
chr17	36899224	36899297	Chimp_hyper_OD	Chimp-specific	74	4	-19.2960268776268	0.337	0.4044	0.2839	0.6849	0.1922	0.1947	2.23272487228489e-08	9.45234048118968e-10	0.274482724736863
chr8	136639231	136639425	Chimp_hyper_OD	Chimp-specific	195	4	-19.121347760416	0.545	0.7439	0.4204	0.866	0.3494	0.4384	5.99588810454647e-13	1.08676155322051e-17	0.0142465786298683
chr1	173638380	173638470	Chimp_hyper_OD	Chimp-specific	91	4	-19.0715129298232	0.2698	0.3859	0.3365	0.7153	0.2941	0.3301	2.91489460671583e-09	1.27850862034308e-09	0.0497110132585316
chr1	46640530	46640752	Chimp_hyper_OD	Chimp-specific	223	4	-19.0537263904087	0.6088	0.6175	0.5449	0.8497	0.2797	0.0509	1.8360265137109e-10	2.14375694421269e-25	1.177259711373e-10
chr4	166052754	166052902	Chimp_hyper_OD	Chimp-specific	149	5	-19.0505496394705	0.0962	0.129	0.319	0.5812	0.1116	0.1521	0.000811216708456229	0.000178872233337682	0.981235547019848
chr17	6256160	6256530	Chimp_hyper_OD	Chimp-specific	371	4	-19.0453139872181	0.3038	0.4614	0.4544	0.8683	0.3028	0.3305	3.78944777854126e-06	2.53050204363401e-15	0.0805045770308155
chr16	66536597	66536906	Chimp_hyper_OD	Chimp-specific	310	5	-19.0332066338175	0.7901	0.7306	0.7009	0.9146	0.536	0.4799	1.87426070452527e-13	2.49965603690794e-09	0.888554507874802
chr5	11808400	11809698	Chimp_hyper_OD	Chimp-specific	1299	4	-18.8279446220057	0.6449	0.6916	0.6268	0.9012	0.3642	0.4136	1.90920407418007e-09	3.9159772647923e-07	0.727490658347998
chr6	42408998	42409227	Chimp_hyper_OD	Chimp-specific	230	4	-18.7221050955339	0.3642	0.4034	0.2753	0.6172	0.4428	0.243	1.38602485311921e-08	1.92173759370968e-26	2.60717779384447e-05
chr19	33669190	33669271	Chimp_hyper_OD	Chimp-specific	82	5	-18.6695006053121	0.0507	0.3523	0.0659	0.6306	0.0172	0.274	8.55859678908388e-07	2.00294936047359e-05	0.816615281957988
chr22	26505893	26506028	Chimp_hyper_OD	Chimp-specific	136	4	-18.659619123864	0.5351	0.7405	0.514	0.8788	0.6274	0.7895	5.07506992074918e-05	3.31776009416936e-08	0.314363573226991
chr11	132810728	132810927	Chimp_hyper_OD	Chimp-specific	200	4	-18.5923927502458	0.4796	0.6937	0.4647	0.8705	0.3207	0.5981	6.15050560768452e-13	9.88280099205305e-08	0.124130832799731
chr4	128705068	128705234	Chimp_hyper_OD	Chimp-specific	167	6	-18.5668821055994	0.1069	0.1847	0.1076	0.3565	0.0529	0.0936	5.10234371259152e-05	1.09921225270379e-11	0.0993139877679548
chr6	133119995	133120142	Chimp_hyper_OD	Chimp-specific	148	4	-18.52041354446	0.0049	0.0092	0.1147	0.3032	0.0615	0.0624	8.71645118901374e-06	1.38204568379462e-07	0.14972060107895
chr5	138534324	138534431	Chimp_hyper_OD	Chimp-specific	108	4	-18.480714533125	0.0325	0.156	0.0409	0.4315	0.0179	0.2095	1.2801012232129e-10	0.000126241903379458	0.000128662177747361
chr3	118752520	118752863	Chimp_hyper_OD	Chimp-specific	344	4	-18.353343290417	0.2395	0.1786	0.2792	0.4577	0.281	0.2216	1.40533191046118e-06	9.83591630382042e-15	0.194466491854885
chr22	27795375	27795430	Chimp_hyper_OD	Chimp-specific	56	4	-18.3327508564221	0.0491	0.5466	0.089	0.7339	0.2158	0.4077	0.000102414236122839	2.38466280651312e-34	1.86451471523691e-22
chr2	169590724	169591126	Chimp_hyper_OD	Chimp-specific	403	4	-18.3265233381466	0.2196	0.3091	0.1053	0.4563	0.1531	0.2437	2.36168048513716e-10	1.72118744209318e-10	0.964946081432362
chr18	60192893	60192978	Chimp_hyper_OD	Chimp-specific	86	5	-18.2631601479602	0.1001	0.3857	0.0899	0.5686	0.0701	0.2415	8.60162441415431e-05	5.0540514786742e-12	0.0101503646489787
chr13	112065088	112065555	Chimp_hyper_OD	Chimp-specific	468	4	-18.2457990816095	0.7398	0.8033	0.693	0.9337	0.7681	0.8627	2.29589060850771e-13	0.000743718348192239	0.465227502829496
chr10	84649719	84650199	Chimp_hyper_OD	Chimp-specific	481	4	-18.2252946192785	0.21	0.1695	0.2656	0.5019	0.3068	0.0956	1.00986096266897e-09	6.72937300949095e-26	2.42821579638771e-06
chr17	74260387	74260574	Chimp_hyper_OD	Chimp-specific	188	4	-18.1882101424883	0.4536	0.6193	0.5085	0.8634	0.4219	0.533	2.17962881749722e-07	5.20798363141374e-11	0.0576564587136299
chr12	72341405	72341549	Chimp_hyper_OD	Chimp-specific	145	4	-17.9829179718598	0.2523	0.1478	0.2451	0.3702	0.2097	0.1674	3.04843506159455e-07	0.000754577583102175	0.176087780559183
chr2	29297330	29297569	Chimp_hyper_OD	Chimp-specific	240	4	-17.3843740652057	0.6492	0.5887	0.6596	0.807	0.5934	0.5796	0.000812344574976051	0.0173662609590351	0.517026551261137
chr1	11700770	11700851	Chimp_hyper_OD	Chimp-specific	82	4	-17.3496304110836	0.3283	0.5463	0.2529	0.7533	0.3826	0.6263	1.3538146754473e-07	1.84613814847898e-06	0.926685099612847
chr7	2212634	2213003	Chimp_hyper_OD	Chimp-specific	370	4	-17.0769737573939	0.3724	0.4331	0.5398	0.7877	0.342	0.3155	7.92194205165887e-08	1.8180741852961e-10	0.124846163216414
chr11	131851053	131851632	Chimp_hyper_OD	Chimp-specific	580	5	-17.031024456307	0.3592	0.5366	0.3303	0.6664	0.2641	0.1938	0.00550656468851864	1.14544212559e-07	1.02361940775322e-05
chr14	26685958	26686262	Chimp_hyper_OD	Chimp-specific	305	4	-16.9787482710451	0.4189	0.5663	0.3653	0.7548	0.2949	0.2276	1.83710427694056e-09	6.36777844695822e-21	5.06516455447658e-08
chr2	25473185	25473335	Chimp_hyper_OD	Chimp-specific	151	5	-16.9007730489609	0.1822	0.5353	0.247	0.8249	0.2146	0.5101	2.99123247361279e-05	2.85713212468625e-08	0.296250655626058
chr5	179606827	179606931	Chimp_hyper_OD	Chimp-specific	105	4	-16.8643593568934	0.448	0.4867	0.3184	0.6735	0.4038	0.4404	4.6637246707191e-06	8.35249062415095e-05	0.749369302091059
chr8	1386667	1386807	Chimp_hyper_OD	Chimp-specific	141	4	-16.8176270920416	0.0753	0.4195	0.1869	0.7851	0.0523	0.0638	1.62399948082762e-05	8.91440716576583e-60	1.22178514780888e-17
chr1	4587812	4587951	Chimp_hyper_OD	Chimp-specific	140	5	-16.6769070046984	0.1235	0.725	0.0951	0.8945	0.7135	0.7139	2.85188711003844e-07	1.5433986224953e-87	3.44670853409629e-49
chr8	103072907	103073222	Chimp_hyper_OD	Chimp-specific	316	4	-16.5999960484159	0.3269	0.6546	0.3623	0.8823	0.4966	0.534	6.53761948632643e-06	7.38753777588352e-35	3.05197235441703e-11
chr13	27627105	27627199	Chimp_hyper_OD	Chimp-specific	95	4	-16.561386237369	0.4189	0.5594	0.3218	0.7528	0.4122	0.2515	2.91932105476538e-06	7.39433700516097e-15	4.43927045563981e-12
chr8	121666860	121667064	Chimp_hyper_OD	Chimp-specific	205	4	-16.3600003499764	0.1401	0.4825	0.0862	0.7087	0.1316	0.322	3.18114913947578e-05	9.48941768479728e-21	0.00374705793834454
chr5	173728625	173728988	Chimp_hyper_OD	Chimp-specific	364	4	-16.2693404536006	0.2471	0.3345	0.1779	0.6084	0.1756	0.0973	4.65745303711301e-10	9.71459553699411e-19	2.73168065814866e-05
chr9	92033703	92033839	Chimp_hyper_OD	Chimp-specific	137	4	-16.2663199429584	0.1511	0.1813	0.1162	0.4363	0.031	0.104	1.41339099937852e-06	0.00123239654617845	0.0374089235020658
chr14	71373591	71373706	Chimp_hyper_OD	Chimp-specific	116	4	-16.2350142924847	0.301	0.3051	0.328	0.5046	0.0959	0.1614	4.10839058917501e-08	0.0161697168848155	0.0834725242469141
chr9	134483808	134484809	Chimp_hyper_OD	Chimp-specific	1002	5	-16.1809595879998	0.0661	0.3983	0.1307	0.6761	0.0357	0.274	6.97916944233891e-06	1.19160952806404e-09	0.168053034893891
chr7	47411572	47412294	Chimp_hyper_OD	Chimp-specific	723	4	-16.0756299575308	0.4562	0.4324	0.618	0.8022	0.4107	0.322	5.1743402808387e-06	1.47191540542183e-07	0.0660683904460303
chr13	20767847	20767908	Chimp_hyper_OD	Chimp-specific	62	5	-15.9867820593853	0.0058	0.0123	0.035	0.1804	0.0181	0.0138	2.7878159002554e-06	1.7396585560296e-05	0.337133990852203
chr20	3386502	3387103	Chimp_hyper_OD	Chimp-specific	602	4	-15.9169773491121	0.0284	0.1776	0.0322	0.2851	0.0674	0.1582	4.33637893927786e-05	2.21717603837267e-10	0.0014853367836957
chr5	86957300	86957579	Chimp_hyper_OD	Chimp-specific	280	4	-15.8351170502809	0.6711	0.6287	0.645	0.8588	0.5732	0.5758	1.32003141490567e-08	3.41165926023143e-06	0.421492326369934
chr3	130498459	130498759	Chimp_hyper_OD	Chimp-specific	301	4	-15.6813489018129	0.3738	0.6034	0.3931	0.7513	0.5491	0.5285	7.00344206799543e-05	2.21560907855996e-24	2.62465462974625e-08
chr11	131869020	131869274	Chimp_hyper_OD	Chimp-specific	255	4	-15.5999050543944	0.2017	0.481	0.1459	0.6211	0.2344	0.4523	8.26934887474956e-06	2.26121475608633e-10	0.0559288913553177
chr5	2743068	2743124	Chimp_hyper_OD	Chimp-specific	57	5	-15.364213428683	0.0964	0.2336	0.1007	0.3684	0.0487	0.1449	0.00016087217143745	1.66980210862055e-06	0.262837745254727
chr6	157924690	157924903	Chimp_hyper_OD	Chimp-specific	214	4	-15.3625685466121	0.5003	0.7773	0.5276	0.9236	0.4402	0.3001	0.000341039444995514	1.25393646724436e-31	1.15869787582267e-19
chr9	89560051	89560119	Chimp_hyper_OD	Chimp-specific	69	4	-15.2077258099439	0.3438	0.3038	0.4029	0.518	0.0518	0.0102	0.000203821527389126	1.85435913713831e-14	0.0593413982802223
chr6	109269734	109269920	Chimp_hyper_OD	Chimp-specific	187	4	-15.2060472043142	0.2243	0.3436	0.2845	0.5504	0.214	0.165	0.0288314182933106	3.29499374233346e-06	0.00131042574036585
chr10	54075082	54075192	Chimp_hyper_OD	Chimp-specific	111	4	-15.1771481492135	0.2718	0.2487	0.3163	0.5367	0.37	0.367	1.18130165613583e-07	6.23378443905069e-05	0.819351580228976
chr18	52912140	52912715	Chimp_hyper_OD	Chimp-specific	576	4	-15.0749415524481	0.1457	0.3745	0.1002	0.4912	0.1127	0.0615	9.96126686143333e-08	3.00678363397489e-62	3.56571534525314e-33
chr12	27932224	27932335	Chimp_hyper_OD	Chimp-specific	112	5	-14.6426563143649	0.0311	0.3089	0.0633	0.5268	0.0174	0.1562	0.00768676523806199	1.72249629695675e-08	0.000475998341828781
chr16	86611831	86611891	Chimp_hyper_OD	Chimp-specific	61	4	-14.6425040983136	0.1699	0.2271	0.4701	0.7628	0.1036	0.0624	1.46493652502935e-05	3.33329926093676e-15	0.000340092420628778
chr17	9835173	9835238	Chimp_hyper_OD	Chimp-specific	66	4	-14.5597300905583	0.0678	0.457	0.2131	0.7964	0.1236	0.1657	0.00558832320382994	5.72189427221157e-13	4.16501913178861e-11
chr13	79167369	79167487	Chimp_hyper_OD	Chimp-specific	119	4	-14.4118284470167	0.1545	0.2635	0.1476	0.4204	0.1016	0.1532	5.69413889868076e-08	1.26814768354697e-10	0.068094866879439
chr8	21499731	21499839	Chimp_hyper_OD	Chimp-specific	109	4	-14.1243523150033	0.5813	0.7162	0.5922	0.8818	0.6947	0.6346	0.000195327562072884	1.66617913776528e-14	0.00032874194951169
chr1	236865980	236866589	Chimp_hyper_OD	Chimp-specific	610	4	-13.1340091964758	0.3185	0.3918	0.2766	0.593	0.371	0.4905	0.000234140288312491	0.000483286591552058	0.124130832799731
chr19	35632767	35632840	Chimp_hyper_OD	Chimp-specific	74	4	-12.8008098523595	0.0297	0.2246	0.0463	0.4206	0.0427	0.2516	0.00019218200598095	1.59356573272262e-05	0.749571069827554
chr2	65528039	65528222	Chimp_hyper_OD	Chimp-specific	184	4	-12.7560156203833	0.0278	0.3921	0.0675	0.671	0.049	0.4367	0.0131763268618045	0.0042445303848251	0.990408328429171
chr14	69443683	69443861	Chimp_hyper_OD	Chimp-specific	179	4	-12.720411310295	0.2901	0.7302	0.3033	0.9041	0.2906	0.7896	4.96337640468907e-05	0.0294715908214279	0.0914766740752455
chr17	70721719	70721804	Chimp_hyper_OD	Chimp-specific	86	4	-12.7178846481072	0.0303	0.11	0.0347	0.2199	0.0081	0.0112	1.59577023326933e-06	3.20836963747319e-21	1.45829058520405e-06
chr4	139840754	139840856	Chimp_hyper_OD	Chimp-specific	103	4	-12.7142836001513	0.5324	0.5568	0.6446	0.8908	0.273	0.1412	0.00594483320771706	7.05744470723567e-15	0.0492842251254935
chr3	156101630	156101691	Chimp_hyper_OD	Chimp-specific	62	4	-12.6156587264634	0.3174	0.7628	0.2719	0.8964	0.1721	0.4535	6.66412917122467e-05	4.43049710305411e-19	0.0056054737394707
chr20	50416145	50416197	Chimp_hyper_OD	Chimp-specific	53	4	-12.6085231902685	0.2219	0.3725	0.1402	0.5142	0.0911	0.2298	0.000401440296360869	0.00265496282571049	0.620440415715729
chr4	141293831	141294009	Chimp_hyper_OD	Chimp-specific	179	4	-11.7508115037691	0.0285	0.1897	0.0369	0.3476	0.0105	0.0309	3.07993704060453e-05	9.91431016855021e-28	1.98806718744403e-11
