chr	str	end	type	specificity	length	nCG	areaStat	Human_ND	Human_OD	Chimp_ND	Chimp_OD	Macaq_ND	Macaq_OD	Bonferroni_interaction_HvsC	Bonferroni_interaction_MvsC	Bonferroni_interaction_MvsH
chr2	222389453	222390517	Human_hyper_OD	Chimp-specific	1065	15	110.363261518374	0.3745	0.8499	0.3605	0.4044	0.5714	0.9084	8.04029964393962e-18	5.21531350366884e-12	0.00213478398715362
chr10	123494761	123495185	Human_hyper_OD	Chimp-specific	425	14	95.3736266868864	0.5319	0.7512	0.3334	0.1901	0.7223	0.8905	3.41751468970089e-18	8.63958059899594e-16	0.49781041824644
chr2	144692880	144693905	Human_hyper_OD	Chimp-specific	1026	20	90.1250405805538	0.3978	0.662	0.3551	0.3692	0.296	0.602	1.21075538813961e-08	4.86020612557271e-13	0.167248831737812
chr17	9680578	9681148	Human_hyper_OD	Chimp-specific	571	11	86.734610717729	0.467	0.7935	0.4167	0.2257	0.4091	0.7407	1.03037776317528e-17	6.59120156060047e-23	0.627315078253186
chr2	39894353	39897245	Human_hyper_OD	Chimp-specific	2893	13	85.9417994426564	0.2133	0.5743	0.2212	0.1946	0.185	0.4929	8.85856968324117e-28	2.94787805375356e-19	0.244112932131072
chr6	139350958	139351353	Human_hyper_OD	Chimp-specific	396	14	82.9589477222646	0.1049	0.4756	0.1924	0.2554	0.1974	0.6717	3.37357313784479e-15	2.50015424026899e-24	0.126941290389085
chr19	13317373	13321419	Human_hyper_OD	Chimp-specific	4047	11	80.2699538376219	0.708	0.8154	0.5488	0.5017	0.633	0.8322	3.03658807654652e-05	1.50224049951363e-21	0.00154807566173656
chr11	128813183	128813872	Human_hyper_OD	Chimp-specific	690	10	78.7283160721873	0.2669	0.7502	0.3544	0.3325	0.4578	0.8265	3.28498585273113e-29	6.92815488951375e-34	0.0037394374613634
chr12	49526131	49527695	Human_hyper_OD	Chimp-specific	1565	16	78.0030207952089	0.148	0.7366	0.2196	0.4984	0.4628	0.9085	1.37052077145865e-28	2.2924181621107e-22	0.23049865281387
chr1	226754697	226755322	Human_hyper_OD	Chimp-specific	626	11	76.7208933875746	0.3682	0.8628	0.3346	0.3785	0.3667	0.865	1.09788583524412e-16	1.20045914910872e-16	0.500630139863447
chr11	31846797	31847139	Human_hyper_OD	Chimp-specific	343	17	75.8215117257919	0.2289	0.639	0.1152	0.2056	0.356	0.8722	2.41849785862318e-10	1.0719894564441e-19	0.00764130591975266
chr6	4402727	4403560	Human_hyper_OD	Chimp-specific	834	8	72.6007122524819	0.3525	0.869	0.2463	0.1795	0.1836	0.5611	1.87237717721991e-39	3.07664697948663e-26	0.000167950378492608
chr16	12214288	12214887	Human_hyper_OD	Chimp-specific	600	12	69.5267363199602	0.4277	0.7858	0.5534	0.489	0.4339	0.7633	1.1806365095497e-10	2.60205797501454e-11	0.362633711647919
chr8	24922052	24922498	Human_hyper_OD	Chimp-specific	447	7	68.5109972706583	0.5134	0.802	0.4394	0.1841	0.5965	0.9033	2.05510464373015e-22	1.19418465384069e-34	0.00486091692094784
chr13	113958570	113958849	Human_hyper_OD	Chimp-specific	280	7	68.1733422081454	0.4225	0.8605	0.4671	0.297	0.346	0.885	1.45855220904211e-18	3.53236848431834e-18	0.0079403244828083
chr1	5060954	5061571	Human_hyper_OD	Chimp-specific	618	9	66.6366086997526	0.2158	0.6747	0.1832	0.3013	0.185	0.5917	1.22964964087597e-15	1.03804305500338e-13	0.339106492975293
chr2	85076593	85077229	Human_hyper_OD	Chimp-specific	637	6	66.152023874072	0.2973	0.8842	0.2887	0.2305	0.2662	0.7882	1.29158121710564e-31	6.87612968990262e-20	0.0260736135686945
chr5	148521856	148524257	Human_hyper_OD	Chimp-specific	2402	10	65.8158117656444	0.3456	0.656	0.431	0.2748	0.3047	0.7101	1.75967564359277e-37	1.36014320027243e-47	0.00537483824955497
chr2	173293542	173293872	Human_hyper_OD	Chimp-specific	331	10	63.1130915509653	0.3505	0.5952	0.3093	0.2286	0.4431	0.5772	5.86615925474206e-10	1.345830715385e-06	0.0093838880978917
chr6	106292322	106293209	Human_hyper_OD	Chimp-specific	888	9	60.221960170838	0.2137	0.5571	0.3072	0.3683	0.2625	0.6392	6.71275301192238e-14	2.77744190113318e-15	0.7198621755255
chr6	16849798	16850411	Human_hyper_OD	Chimp-specific	614	8	59.6438596823441	0.571	0.8699	0.5149	0.3364	0.6459	0.8774	1.53910218751947e-29	5.21225112893613e-22	0.0170453038751636
chr10	79107935	79108366	Human_hyper_OD	Chimp-specific	432	6	59.3943354216206	0.3631	0.7203	0.385	0.1175	0.4003	0.9651	4.93285735793003e-38	9.54576251588343e-81	1.21579813728073e-21
chr4	6377611	6377862	Human_hyper_OD	Chimp-specific	252	9	55.4062890769887	0.477	0.9202	0.5392	0.6	0.5616	0.8646	3.30244083579822e-13	2.13470591682262e-06	8.14322152493291e-06
chr1	62751339	62752197	Human_hyper_OD	Chimp-specific	859	11	53.3562707227593	0.3911	0.569	0.5352	0.3943	0.5933	0.8263	1.04876122377932e-07	6.78307478783021e-15	0.148402345193231
chr8	22866972	22867351	Human_hyper_OD	Chimp-specific	380	10	52.7621301724551	0.3239	0.6965	0.3896	0.4412	0.3904	0.8302	4.28347111972686e-09	2.30399559668427e-22	0.110314389651636
chr2	171675648	171676556	Human_hyper_OD	Chimp-specific	909	12	52.7340801113578	0.0944	0.644	0.0639	0.3446	0.0699	0.5084	5.99822086407061e-09	4.99176110835456e-05	0.0189796751961082
chr10	14510144	14510497	Human_hyper_OD	Chimp-specific	354	8	50.8159686587921	0.6509	0.851	0.5552	0.4318	0.4731	0.7292	9.13097804528672e-11	6.51483935045131e-08	0.712752955342107
chr4	30857510	30858226	Human_hyper_OD	Chimp-specific	717	7	49.8971245514182	0.6809	0.894	0.7582	0.6786	0.7059	0.8438	2.53515036280822e-16	5.36778437779382e-09	0.0775190493902173
chr5	77267685	77268224	Human_hyper_OD	Chimp-specific	540	10	49.2393410029346	0.1594	0.307	0.2519	0.1411	0.1452	0.2778	5.93915222260715e-15	6.11979436771814e-14	0.918163128032144
chr18	13381688	13382160	Human_hyper_OD	Chimp-specific	473	10	49.0881905547231	0.1942	0.375	0.1873	0.1328	0.2158	0.4752	5.52295882766213e-06	2.12092835854451e-14	0.120884673263377
chr3	56207260	56207955	Human_hyper_OD	Chimp-specific	696	12	48.9668569440067	0.2877	0.6222	0.2423	0.3203	0.2652	0.4783	1.2877023774878e-07	0.00787835175041893	0.0143512836857143
chr2	144695514	144696813	Human_hyper_OD	Chimp-specific	1300	10	48.9572929850113	0.2807	0.6455	0.3118	0.3736	0.3313	0.8532	5.8601461639527e-10	7.71839427297053e-46	2.77595686949104e-05
chr4	46996734	46997819	Human_hyper_OD	Chimp-specific	1086	8	48.3023870255521	0.2623	0.7901	0.2523	0.4029	0.3684	0.8631	7.76028464634345e-38	3.92038597783153e-27	0.543130085883693
chr7	139043264	139043571	Human_hyper_OD	Chimp-specific	308	12	47.7096958931358	0.1301	0.436	0.0041	0.056	0.2899	0.6553	0.00893535691296871	3.48222909888158e-05	0.692441675983457
chr9	101366154	101366655	Human_hyper_OD	Chimp-specific	502	10	47.1303098286868	0.1088	0.6577	0.0592	0.2947	0.0647	0.6539	1.98319389592853e-10	6.27306169607439e-19	0.0943255844550042
chr10	3335623	3336484	Human_hyper_OD	Chimp-specific	862	8	45.5296022287152	0.518	0.7013	0.3759	0.249	0.4454	0.6164	1.41264762419606e-11	7.62441673501349e-09	0.574479712108013
chr20	17118383	17119525	Human_hyper_OD	Chimp-specific	1143	7	44.591526772823	0.5165	0.8652	0.7111	0.6034	0.6732	0.8253	1.37674951079195e-40	8.15509474055386e-12	1.13392901101657e-11
chr12	54320827	54321118	Human_hyper_OD	Chimp-specific	292	9	44.3132010674239	0.2195	0.4903	0.2485	0.2092	0.2096	0.4608	3.38423627046383e-16	4.77991383192997e-18	0.916474578899923
chr4	102181106	102181446	Human_hyper_OD	Chimp-specific	341	5	43.9137826426679	0.1814	0.8453	0.2095	0.4399	0.165	0.8621	9.70401380697337e-21	5.66222797604015e-26	0.588419965905607
chr3	4626168	4626775	Human_hyper_OD	Chimp-specific	608	8	43.6085865045467	0.356	0.5921	0.2969	0.2148	0.3812	0.6586	2.01305761915491e-10	1.86807424579456e-10	0.994010076538361
chr2	144475341	144475659	Human_hyper_OD	Chimp-specific	319	7	43.3638680673871	0.4233	0.7567	0.4253	0.3961	0.3974	0.7892	1.13901006902813e-08	3.2373749953742e-09	0.474943838330029
chr3	144927006	144927522	Human_hyper_OD	Chimp-specific	517	5	43.08993794647	0.5308	0.93	0.5715	0.4151	0.3406	0.6959	6.31875594997249e-28	7.5001500449888e-25	0.795444285306801
chr2	173294105	173294823	Human_hyper_OD	Chimp-specific	719	9	42.2975864284237	0.5924	0.7327	0.554	0.4282	0.5628	0.7117	4.23346070086754e-07	4.99493521956292e-08	0.785550034913288
chr7	113723769	113724039	Human_hyper_OD	Chimp-specific	271	11	41.8745642590425	0.3466	0.4554	0.1576	0.0795	0.1463	0.3476	1.04454431121792e-12	1.02761904971213e-19	0.0121968726176397
chr11	57123819	57124215	Human_hyper_OD	Chimp-specific	397	9	41.8076405605864	0.3928	0.6597	0.4418	0.498	0.4307	0.6677	5.61133650248479e-05	0.016482401709367	0.366827366002533
chr1	9797085	9797238	Human_hyper_OD	Chimp-specific	154	6	41.2744503991168	0.3609	0.8358	0.3446	0.3698	0.6858	0.9296	1.48301578715287e-26	1.52219013939879e-11	7.61150685010595e-06
chr2	98861918	98862564	Human_hyper_OD	Chimp-specific	647	5	40.4908508424682	0.5052	0.9185	0.4494	0.4996	0.7571	0.942	5.52830670549084e-21	8.3192891552685e-10	2.97109764362662e-06
chr16	10085889	10086644	Human_hyper_OD	Chimp-specific	756	8	40.356093414801	0.4941	0.8209	0.6688	0.603	0.6085	0.864	4.633475301151e-21	1.00100497525705e-22	0.171490984714971
chr8	119632364	119632826	Human_hyper_OD	Chimp-specific	463	7	39.8246513592139	0.6138	0.8777	0.7515	0.6858	0.7399	0.8673	1.15072925150468e-18	2.82017629992675e-11	3.52246788512e-05
chr11	33640167	33640451	Human_hyper_OD	Chimp-specific	285	8	39.7918066651317	0.3683	0.8253	0.4057	0.4974	0.4035	0.9219	8.74096044619923e-10	1.30275871402341e-14	0.00535209181786828
chr5	173733907	173734181	Human_hyper_OD	Chimp-specific	275	6	39.4972214385394	0.3649	0.9143	0.4082	0.5384	0.4024	0.945	5.27143146842278e-13	1.33938401265721e-15	0.526666798838831
chr2	200951592	200951774	Human_hyper_OD	Chimp-specific	183	6	39.2625106596623	0.4978	0.8761	0.4959	0.5076	0.7229	0.9314	3.42735485524729e-11	2.42743355403893e-05	0.00619826782674286
chr5	10607134	10608058	Human_hyper_OD	Chimp-specific	925	10	38.9195752512477	0.2818	0.4707	0.3673	0.3239	0.3135	0.5167	6.60743854293088e-06	3.30859175349677e-05	0.984136831940751
chr17	71830438	71830686	Human_hyper_OD	Chimp-specific	249	9	38.918713242377	0.3376	0.4805	0.2883	0.1516	0.5205	0.8155	2.4704375829646e-06	4.6909330837767e-20	0.00436201962422929
chr3	64429607	64430000	Human_hyper_OD	Chimp-specific	394	9	38.8498593607653	0.1462	0.7586	0.2499	0.6065	0.2531	0.8327	6.62422991981799e-13	3.25960534733816e-08	0.561318420488293
chr8	969417	969609	Human_hyper_OD	Chimp-specific	193	5	38.6486126452147	0.1822	0.6944	0.2395	0.2817	0.4173	0.8758	1.36327782566648e-19	4.4638754834522e-16	0.747440250571611
chr8	73559112	73559643	Human_hyper_OD	Chimp-specific	532	9	38.4096045374378	0.1381	0.8312	0.1283	0.5693	0.2443	0.9069	1.89251259961681e-06	0.000330489298764529	0.268891800575521
chr13	99104907	99105322	Human_hyper_OD	Chimp-specific	416	7	37.7201956666593	0.697	0.9192	0.8212	0.7285	0.8044	0.957	1.36608035117013e-16	1.14303516594146e-17	0.223621722307649
chr1	214775832	214776027	Human_hyper_OD	Chimp-specific	196	6	37.5962999997215	0.4235	0.6729	0.0388	0.0364	0.3545	0.6116	1.52934483711667e-14	3.78370217368173e-17	0.783859038547251
chr22	36940399	36940662	Human_hyper_OD	Chimp-specific	264	5	37.2733207016877	0.6806	0.9493	0.7657	0.6392	0.6639	0.9471	5.66811648440695e-27	7.55877987967043e-23	0.746468945906299
chr6	160698701	160699255	Human_hyper_OD	Chimp-specific	555	9	37.2027570645514	0.455	0.7266	0.3028	0.2833	0.2962	0.5092	2.23991097439054e-06	2.77618804323836e-06	0.632612059207745
chr2	152425797	152425855	Human_hyper_OD	Chimp-specific	59	5	37.119113783564	0.4197	0.6856	0.3943	0.181	0.6039	0.8514	2.94223128642111e-13	6.70189595775512e-13	0.846922987273769
chr1	224807689	224808956	Human_hyper_OD	Chimp-specific	1268	7	36.2817420365138	0.662	0.7942	0.7137	0.6438	0.7225	0.9087	4.07781256878543e-10	2.68030105980617e-16	0.00776761415021446
chr18	46501457	46501639	Human_hyper_OD	Chimp-specific	183	10	35.7272306543029	0.0917	0.307	0.0307	0.0623	0.0961	0.4144	3.82669886205736e-06	1.04176805263102e-11	0.0111525561647887
chr17	80536734	80537154	Human_hyper_OD	Chimp-specific	421	6	35.6907432453864	0.5748	0.9092	0.7079	0.667	0.5358	0.8771	1.32456267665418e-32	5.51862665898372e-22	0.461396500542896
chr8	946374	946804	Human_hyper_OD	Chimp-specific	431	9	35.6515763544611	0.2727	0.4317	0.3431	0.2746	0.553	0.8191	3.38974570251327e-13	4.05443085088112e-09	0.00161446937475312
chr7	28174974	28176172	Human_hyper_OD	Chimp-specific	1199	6	35.4164414845535	0.6421	0.8459	0.6638	0.6097	0.4531	0.8631	2.97275699987311e-16	3.91172229696409e-30	1.26148897891312e-07
chr15	88620559	88621007	Human_hyper_OD	Chimp-specific	449	7	34.8905829444237	0.3751	0.8351	0.4438	0.6274	0.4148	0.8237	3.8555210135285e-15	1.25260691046207e-10	0.068498926860516
chr17	79000950	79001075	Human_hyper_OD	Chimp-specific	126	9	34.8458553520815	0.0761	0.7435	0.0447	0.339	0.0284	0.6878	1.44851672935765e-06	9.99114196946152e-08	0.975098014440391
chr3	3547901	3548761	Human_hyper_OD	Chimp-specific	861	6	34.7989296153988	0.6006	0.8935	0.5712	0.6407	0.5736	0.8952	3.20893531272911e-07	3.93732678817255e-10	0.367246346437027
chr9	23823640	23824191	Human_hyper_OD	Chimp-specific	552	9	34.7848802577696	0.1333	0.677	0.1163	0.4224	0.2368	0.81	4.16050998401814e-09	2.63430308358949e-09	0.644536905067557
chr2	39906908	39908315	Human_hyper_OD	Chimp-specific	1408	7	34.6442818273988	0.4583	0.853	0.4071	0.6454	0.3685	0.7766	1.42620275113935e-11	3.68264867217755e-06	0.0444248854158944
chr13	53419058	53419429	Human_hyper_OD	Chimp-specific	372	8	34.6008196565683	0.3863	0.7365	0.4507	0.5434	0.5099	0.8589	4.86847671717907e-08	1.0726511699639e-07	0.274482724736863
chr2	3200856	3201160	Human_hyper_OD	Chimp-specific	305	7	34.227266802544	0.6724	0.9326	0.5704	0.6018	0.6607	0.9015	5.13174636994812e-10	8.25973914883783e-06	0.244441252261363
chr11	124609115	124609190	Human_hyper_OD	Chimp-specific	76	10	34.1399038950157	0.358	0.7151	0.4318	0.5431	0.3847	0.9195	0.00253104592005931	2.58166506273792e-10	3.11545933570784e-06
chr1	244869028	244869313	Human_hyper_OD	Chimp-specific	286	7	34.1015438034288	0.6708	0.8683	0.6368	0.5452	0.7733	0.9157	2.09631977342134e-09	7.42083428451054e-08	0.114828776358498
chr4	96471600	96472537	Human_hyper_OD	Chimp-specific	938	6	33.9518380832931	0.3533	0.6212	0.3562	0.2496	0.4045	0.8112	6.93860674708786e-12	4.94955396468521e-22	0.00262218956950142
chr17	75039002	75039927	Human_hyper_OD	Chimp-specific	926	8	33.7017151202724	0.6715	0.8396	0.7201	0.7151	0.6641	0.7892	1.22830894589598e-07	0.000370226858822765	0.0427831916487164
chr16	69960223	69960427	Human_hyper_OD	Chimp-specific	205	6	33.5788147711711	0.3524	0.8584	0.4188	0.5463	0.4277	0.8693	1.45266076875276e-08	3.21209283088727e-07	0.148162172018905
chr7	101480533	101480638	Human_hyper_OD	Chimp-specific	106	4	33.3484982330885	0.5106	0.889	0.2688	0.3013	0.4959	0.8591	1.06497266383672e-16	3.4408273189781e-22	0.488072513959935
chr18	77559765	77559855	Human_hyper_OD	Chimp-specific	91	7	33.3442142523043	0.2281	0.4747	0.2195	0.1492	0.2417	0.4727	4.57072417906978e-06	8.57374553394105e-07	0.89736587615686
chr8	117334052	117334986	Human_hyper_OD	Chimp-specific	935	5	33.2016143825973	0.5091	0.7709	0.5692	0.4892	0.5472	0.7972	7.74812022136189e-21	2.62083530727797e-31	0.126941290389085
chr2	39913645	39914417	Human_hyper_OD	Chimp-specific	773	6	33.0301755599153	0.2116	0.4559	0.2388	0.2175	0.2512	0.4225	9.91494143181106e-11	3.48047696709116e-10	0.0538116590445693
chr17	61010960	61011464	Human_hyper_OD	Chimp-specific	505	6	32.1922323599623	0.3151	0.7016	0.436	0.4567	0.3539	0.6542	1.24306539973144e-10	5.76103948068392e-06	0.0484090342635227
chr20	50346921	50347120	Human_hyper_OD	Chimp-specific	200	6	31.9890353503506	0.6253	0.9552	0.6436	0.6486	0.5474	0.9505	2.4176239077155e-13	1.18615432035845e-19	0.0529573701616254
chr13	74412052	74412276	Human_hyper_OD	Chimp-specific	225	4	31.4464754978573	0.539	0.8262	0.6298	0.5315	0.3771	0.8028	1.67429213030727e-32	6.52630994803427e-64	0.00162954004571009
chr8	24811732	24812034	Human_hyper_OD	Chimp-specific	303	6	31.4085829753818	0.2725	0.7159	0.3923	0.5633	0.5641	0.9249	2.14568755947411e-06	7.41240157340253e-05	0.82975503836334
chr1	72014260	72014543	Human_hyper_OD	Chimp-specific	284	6	31.4036468614446	0.2332	0.782	0.2237	0.5035	0.2193	0.8521	1.50959705496707e-07	6.88952994713275e-17	0.0254610948649368
chr11	18033128	18033458	Human_hyper_OD	Chimp-specific	331	6	31.3926613632493	0.2929	0.4644	0.2809	0.2124	0.27	0.4868	1.41060361782635e-08	1.16093396219811e-26	3.10597760313012e-06
chr9	93881502	93881592	Human_hyper_OD	Chimp-specific	91	6	31.2663606392443	0.3575	0.7271	0.1168	0.1097	0.496	0.8055	4.25122510072379e-06	8.17799348083444e-05	0.285685958147395
chr6	23004110	23004496	Human_hyper_OD	Chimp-specific	387	4	30.9286553277069	0.6542	0.9094	0.4891	0.3265	0.5101	0.7489	9.81979025563257e-20	1.77730908561013e-16	0.0491949021418698
chr5	17304261	17305018	Human_hyper_OD	Chimp-specific	758	6	30.8981005063048	0.469	0.834	0.5703	0.6642	0.4413	0.8292	7.71930021783191e-12	2.92618525052417e-13	0.435048343686486
chr1	223708641	223708829	Human_hyper_OD	Chimp-specific	189	6	30.717532569999	0.5741	0.9227	0.5138	0.5986	0.5639	0.952	5.56592405578775e-14	1.1542776002918e-13	0.150532135638194
chr1	7352264	7352599	Human_hyper_OD	Chimp-specific	336	6	30.5176710101236	0.3858	0.8434	0.494	0.6388	0.4032	0.8525	7.62720166727016e-14	3.81676407373994e-14	0.890278390069625
chr12	128113990	128114339	Human_hyper_OD	Chimp-specific	350	7	30.0044508825032	0.3533	0.5471	0.3541	0.2622	0.78	0.9066	2.34223253681965e-06	4.22528031165703e-05	0.685525248907831
chr2	208119008	208119426	Human_hyper_OD	Chimp-specific	419	5	29.9648444591904	0.3085	0.5232	0.4113	0.228	0.4009	0.702	3.63957296330837e-11	3.71321230355856e-17	0.0316235168761162
chr5	7504086	7504310	Human_hyper_OD	Chimp-specific	225	4	29.6298242109345	0.3083	0.7633	0.2636	0.3064	0.4018	0.8484	4.11988242550175e-11	1.83370704589485e-08	0.585174180096975
chr22	43863476	43863727	Human_hyper_OD	Chimp-specific	252	8	29.075628369068	0.2191	0.7523	0.0214	0.221	0.1118	0.7146	0.0336627973683858	3.90813539760177e-07	0.244156819308661
chr2	101923020	101923729	Human_hyper_OD	Chimp-specific	710	6	29.0639012505235	0.4238	0.6873	0.2708	0.2176	0.6611	0.853	1.77549881973917e-12	5.58051355535807e-09	0.313590093636661
chr18	70205920	70206415	Human_hyper_OD	Chimp-specific	496	6	29.0042478817358	0.506	0.7751	0.5794	0.5965	0.4342	0.7885	1.24034608125621e-10	2.41909993559797e-10	0.0445499030415086
chr14	51544471	51545273	Human_hyper_OD	Chimp-specific	803	6	28.9835330167569	0.2573	0.6747	0.3082	0.4248	0.3249	0.7335	4.82121342634769e-08	1.348000086971e-08	0.770759216615398
chr17	8355913	8356708	Human_hyper_OD	Chimp-specific	796	5	28.8685793032409	0.7194	0.9393	0.7581	0.8115	0.7691	0.9709	2.64150914838352e-15	6.13323926334076e-12	0.727923718518748
chr11	127502457	127503061	Human_hyper_OD	Chimp-specific	605	5	28.6468899277672	0.3012	0.8393	0.2976	0.4757	0.388	0.8886	9.47527021571593e-12	1.0055418838045e-12	0.977044560345849
chr11	45070638	45070731	Human_hyper_OD	Chimp-specific	94	4	28.645620220721	0.1214	0.8475	0.1635	0.4562	0.2801	0.8807	6.966187498388e-14	2.55433590185249e-10	0.0029359354733544
chr7	45126761	45126834	Human_hyper_OD	Chimp-specific	74	4	28.6367540899406	0.5893	0.8934	0.6565	0.5362	0.5618	0.8309	4.5066053558801e-22	1.70947541325e-17	0.245083855244379
chr5	68043768	68044264	Human_hyper_OD	Chimp-specific	497	5	28.2664151957776	0.3972	0.7309	0.4599	0.414	0.4289	0.9244	9.42468567169552e-08	2.48481065572302e-18	9.76632118681059e-06
chr2	84500664	84500797	Human_hyper_OD	Chimp-specific	134	5	28.2089385715899	0.5646	0.8971	0.3017	0.2995	0.4092	0.8506	5.68048173643763e-12	1.54017564498425e-10	0.0419193006664234
chr1	231554407	231555642	Human_hyper_OD	Chimp-specific	1236	7	27.9007456623877	0.1918	0.3307	0.2302	0.1744	0.1275	0.32	1.27378781937332e-08	4.37094417809295e-28	0.042436242500009
chr2	207452818	207452902	Human_hyper_OD	Chimp-specific	85	4	27.7987463880734	0.6215	0.9322	0.6884	0.6305	0.5222	0.8962	1.56730712366727e-16	7.07847868008538e-24	0.427622098307844
chr2	174082069	174082136	Human_hyper_OD	Chimp-specific	68	8	27.7393663299536	0.2019	0.7906	0.0688	0.4277	0.2345	0.843	0.0026056876524195	0.0020366084241648	0.57049545272199
chr3	122839897	122840254	Human_hyper_OD	Chimp-specific	358	5	27.5349672450772	0.7452	0.9465	0.7029	0.5839	0.5394	0.9134	1.88799463597762e-21	1.07462371228992e-15	0.0112146041224717
chr17	8361356	8361826	Human_hyper_OD	Chimp-specific	471	7	27.5189674922003	0.6583	0.8066	0.6677	0.5996	0.5773	0.8617	1.58756307767576e-06	1.96000859920219e-12	0.00520899937904597
chr3	74661639	74662053	Human_hyper_OD	Chimp-specific	415	6	27.4311275152292	0.2554	0.4076	0.2347	0.1846	0.2613	0.4	0.000148957821452074	7.07111522282128e-05	0.814979941071036
chr4	184377837	184378173	Human_hyper_OD	Chimp-specific	337	5	27.4126070218578	0.6914	0.8929	0.5718	0.5146	0.6384	0.756	8.35958992513035e-13	4.17500340357755e-07	0.00492514875136553
chr18	56725143	56725421	Human_hyper_OD	Chimp-specific	279	4	27.2582157969784	0.2292	0.708	0.1867	0.1638	0.4199	0.7123	5.31471386650081e-13	2.03876665609914e-06	1.27737189615625e-05
chr7	132021684	132021997	Human_hyper_OD	Chimp-specific	314	4	27.1944027682771	0.5047	0.8337	0.473	0.4778	0.4912	0.7104	1.36033310782719e-16	2.36642405504578e-06	3.75251574521032e-05
chr13	111877445	111877739	Human_hyper_OD	Chimp-specific	295	6	27.1794619014055	0.3635	0.735	0.3746	0.442	0.6077	0.8604	1.93723760548267e-07	0.000362636997675186	0.0310974357288705
chr5	112375251	112375826	Human_hyper_OD	Chimp-specific	576	4	26.9134004180452	0.3513	0.7813	0.4418	0.438	0.2981	0.7336	9.63435755086006e-15	8.19909430564914e-17	0.931008910051407
chr3	26655510	26655859	Human_hyper_OD	Chimp-specific	350	4	26.8987663178349	0.4228	0.6821	0.4632	0.3553	0.4972	0.838	1.21442395826218e-15	4.72160351181026e-24	0.00340588195242146
chr12	128398551	128399269	Human_hyper_OD	Chimp-specific	719	4	26.7755713958371	0.6924	0.9075	0.7567	0.7159	0.6419	0.8694	2.38711465469658e-13	5.81448063002432e-14	0.640741616984584
chr3	33957333	33957569	Human_hyper_OD	Chimp-specific	237	6	26.7725591275908	0.1165	0.3885	0.1255	0.1558	0.1753	0.5387	7.57513881533478e-07	3.73918269784734e-08	0.23682914349193
chr8	70475388	70475858	Human_hyper_OD	Chimp-specific	471	7	26.6677023443423	0.4492	0.7316	0.4566	0.4616	0.4699	0.6991	1.22467407029646e-09	1.83251633285399e-07	0.652149942976391
chr1	6134597	6134692	Human_hyper_OD	Chimp-specific	96	4	26.6622448024961	0.5282	0.9694	0.5942	0.6267	0.6667	0.9772	5.37161150386409e-14	1.58163560706088e-07	0.00598981509774487
chr5	30772023	30772168	Human_hyper_OD	Chimp-specific	146	4	26.5342717089639	0.402	0.7139	0.3801	0.2928	0.3785	0.741	4.10161042927597e-10	7.79812810672425e-11	0.206644828051681
chr5	163194363	163194986	Human_hyper_OD	Chimp-specific	624	6	26.3457966497371	0.6703	0.7993	0.715	0.6378	0.6462	0.8958	1.00663977667604e-06	5.01480608364919e-16	5.79692109031603e-09
chr16	7382147	7382476	Human_hyper_OD	Chimp-specific	330	4	26.2173431309433	0.3934	0.8625	0.436	0.4689	0.5336	0.8315	1.16493103131374e-41	1.48890511113628e-12	2.32200637107641e-06
chr5	24642979	24643393	Human_hyper_OD	Chimp-specific	415	4	26.0730027554036	0.1148	0.2654	0.0938	0.0223	0.0876	0.3165	3.97981366938852e-11	7.67475768645803e-14	0.0438645318975815
chr2	14660284	14661134	Human_hyper_OD	Chimp-specific	851	5	25.8210985872299	0.34	0.7884	0.4578	0.4302	0.579	0.9182	7.04599246661214e-13	4.02211724879705e-10	0.123985368959649
chr10	437667	438016	Human_hyper_OD	Chimp-specific	350	6	25.7995361304161	0.4168	0.6354	0.5262	0.4568	0.4399	0.6521	3.31851279175448e-07	0.000366149913296673	0.0329371271835803
chr2	99544060	99544287	Human_hyper_OD	Chimp-specific	228	5	25.7848424097426	0.3785	0.93	0.3872	0.6528	0.4012	0.9615	5.21894636137907e-09	3.35660391872653e-10	0.394405839187915
chr1	76082688	76082791	Human_hyper_OD	Chimp-specific	104	6	25.6624763345828	0.3254	0.6367	0.3142	0.3365	0.7188	0.8997	2.6605344511433e-06	0.000551978751218402	0.0386162879877381
chr10	10335647	10336540	Human_hyper_OD	Chimp-specific	894	6	25.4881230570182	0.1826	0.4827	0.1917	0.2748	0.4579	0.795	3.94161027408354e-06	1.98543962327683e-11	0.318193537601015
chr6	88874656	88875236	Human_hyper_OD	Chimp-specific	581	5	25.4651098444071	0.1506	0.4694	0.1929	0.3511	0.2362	0.7248	2.56955906016218e-05	3.6801994577498e-21	5.43103336873696e-06
chr9	78525948	78526487	Human_hyper_OD	Chimp-specific	540	5	25.4506835971553	0.4316	0.6611	0.535	0.5128	0.6029	0.8094	2.39407613556916e-07	1.02001084902397e-06	0.412829860348103
chr3	3106801	3106926	Human_hyper_OD	Chimp-specific	126	5	25.3057208489688	0.6739	0.9191	0.1197	0.096	0.4805	0.8502	1.64885426444649e-07	2.02183091170821e-12	0.0567375651840509
chr5	32404030	32404345	Human_hyper_OD	Chimp-specific	316	6	25.2801773949711	0.3476	0.7661	0.3721	0.5383	0.2414	0.7992	2.31124348685985e-06	1.47155107745618e-12	6.8033886872319e-05
chr2	238320023	238320178	Human_hyper_OD	Chimp-specific	156	5	25.2308514519912	0.5305	0.8851	0.4738	0.5205	0.4481	0.8908	6.54479927159609e-09	4.83961021299159e-09	0.185381289904142
chr14	51245436	51245511	Human_hyper_OD	Chimp-specific	76	6	25.1878252460873	0.3349	0.8362	0.4132	0.6833	0.4397	0.882	1.49382730631352e-08	6.64065956157531e-06	0.043059255438164
chr1	26259422	26259736	Human_hyper_OD	Chimp-specific	315	5	25.1253365642077	0.1246	0.6942	0.1367	0.3465	0.2446	0.9432	6.43158795427379e-15	1.2467369103166e-32	6.05750347698146e-10
chr12	112794777	112795175	Human_hyper_OD	Chimp-specific	399	5	24.7821620345625	0.6668	0.7898	0.7674	0.6613	0.6919	0.8047	4.30850241801341e-15	3.2291494390525e-14	0.281765965312011
chr18	13389981	13391406	Human_hyper_OD	Chimp-specific	1426	4	24.7675366493499	0.6321	0.888	0.4883	0.5781	0.69	0.9325	2.0285807091077e-07	4.4169247290301e-11	0.472747025630685
chr22	49022006	49022136	Human_hyper_OD	Chimp-specific	131	4	24.7250147579426	0.4216	0.7911	0.4811	0.5329	0.31	0.7286	2.89963095808244e-10	5.45706396993705e-11	0.535093518278245
chr21	46146099	46146336	Human_hyper_OD	Chimp-specific	238	6	24.5632472249632	0.3207	0.5837	0.419	0.3677	0.657	0.9134	2.9303156465896e-09	1.06151409476071e-08	0.0679810372267279
chr8	142163538	142163830	Human_hyper_OD	Chimp-specific	293	6	24.5582348412313	0.2991	0.8114	0.3764	0.7078	0.1878	0.9035	0.000174680844228305	8.33275839646606e-13	3.58245171403317e-07
chr8	101320441	101320831	Human_hyper_OD	Chimp-specific	391	6	24.5114499256612	0.1105	0.4797	0.0698	0.2328	0.1187	0.553	1.6757864630326e-06	2.66468119310236e-14	0.229739042095769
chr9	94610103	94610733	Human_hyper_OD	Chimp-specific	631	6	24.4547137695	0.5366	0.7698	0.5261	0.4291	0.4614	0.766	2.74608503319135e-13	5.965758370287e-19	0.378749816806647
chr10	79307062	79307290	Human_hyper_OD	Chimp-specific	229	4	24.4211661110731	0.426	0.9264	0.5582	0.6721	0.6544	0.9578	2.39663823797423e-12	0.0002922518493222	0.00120746204663241
chr1	212811445	212812477	Human_hyper_OD	Chimp-specific	1033	4	24.4137611718099	0.4275	0.7116	0.4635	0.5389	0.5145	0.734	0.000238712332864237	0.0158604721890953	0.0443658357128331
chr4	141967196	141968579	Human_hyper_OD	Chimp-specific	1384	6	24.3062732867398	0.4571	0.8399	0.5362	0.6226	0.5062	0.7907	4.65828581799939e-26	4.65661490229597e-08	7.42086025205088e-06
chr5	13783684	13784123	Human_hyper_OD	Chimp-specific	440	6	24.2915179354336	0.2441	0.711	0.2327	0.3541	0.45	0.9313	3.5692287758556e-10	5.90752297325823e-10	0.105649067954176
chr20	36771656	36772044	Human_hyper_OD	Chimp-specific	389	4	24.2875228559119	0.4915	0.9199	0.5257	0.6193	0.3852	0.7876	2.10351570750143e-12	3.57449254114041e-11	0.033391930944305
chr9	24381444	24382619	Human_hyper_OD	Chimp-specific	1176	5	24.2045180791543	0.5981	0.749	0.6664	0.624	0.5752	0.7289	6.20428832434203e-12	2.59956412391362e-05	0.0120135072728359
chr14	75896995	75897128	Human_hyper_OD	Chimp-specific	134	4	24.1317821054626	0.0978	0.3738	0.1989	0.1429	0.1797	0.303	2.72737442083702e-09	8.50826581425526e-05	0.00680151802576049
chr22	39181658	39181804	Human_hyper_OD	Chimp-specific	147	5	23.9982092748496	0.3046	0.5977	0.3892	0.3523	0.3552	0.8484	1.55912298385511e-05	1.48537165633964e-15	0.000122100586198411
chr20	52446107	52446341	Human_hyper_OD	Chimp-specific	235	5	23.9366573483303	0.4321	0.802	0.4659	0.5537	0.6015	0.9195	9.54701325367533e-05	9.6243189576336e-05	0.834091341312059
chr10	43906000	43906094	Human_hyper_OD	Chimp-specific	95	6	23.9079923567742	0.3148	0.9251	0.2394	0.5914	0.3992	0.9047	2.68473307237312e-06	0.00636773482126693	0.121282021495631
chr1	222987614	222987869	Human_hyper_OD	Chimp-specific	256	7	23.8624670313668	0.2868	0.6551	0.1823	0.3235	0.366	0.896	9.63481547001278e-07	1.26313041803813e-21	0.000135586508751391
chr8	10920261	10920401	Human_hyper_OD	Chimp-specific	141	5	23.6914720921795	0.2576	0.4755	0.3243	0.2552	0.4157	0.7533	5.87091298377673e-07	1.08742192417791e-07	0.0886546707090308
chr13	43781450	43781738	Human_hyper_OD	Chimp-specific	289	5	23.5493437777412	0.6347	0.9044	0.7	0.8019	0.5647	0.9415	2.0469280899844e-09	6.75249101664399e-15	0.00158721960682445
chr9	33044847	33045033	Human_hyper_OD	Chimp-specific	187	7	23.4386217849818	0.1506	0.4295	0.137	0.1524	0.3151	0.8548	2.33259161351789e-07	4.50342001798896e-32	2.85223638345635e-12
chr5	113700807	113701511	Human_hyper_OD	Chimp-specific	705	5	23.4000705171102	0.3533	0.8188	0.3055	0.5909	0.5102	0.8719	7.52322739449136e-08	0.000630061485305811	0.0238100091619616
chr6	125622040	125622197	Human_hyper_OD	Chimp-specific	158	4	23.3312754719605	0.1281	0.3437	0.0925	0.0534	0.179	0.5233	5.0152627773877e-10	9.27186630591887e-30	0.00123182230723913
chr5	150461818	150462030	Human_hyper_OD	Chimp-specific	213	5	23.2616851929359	0.3349	0.634	0.0514	0.0999	0.4714	0.7863	1.86068368698628e-06	5.08818858224796e-06	0.968162162873616
chr4	85612176	85612886	Human_hyper_OD	Chimp-specific	711	4	23.2048030040345	0.4286	0.7955	0.4804	0.5495	0.5961	0.8438	2.51062534060717e-07	0.000218296238945097	0.00471493507344532
chr3	74052905	74053555	Human_hyper_OD	Chimp-specific	651	5	23.2023320096734	0.623	0.8266	0.6164	0.5938	0.7113	0.8873	5.82812079138655e-11	4.79902251792048e-09	0.517362601076337
chr2	2234444	2234516	Human_hyper_OD	Chimp-specific	73	4	23.1092087032682	0.0871	0.42	0.0395	0.0569	0.4628	0.9216	5.57027046603979e-14	5.91830636088228e-25	0.0400724807828524
chr18	13376043	13376162	Human_hyper_OD	Chimp-specific	120	4	22.9661332758053	0.364	0.6182	0.3682	0.2783	0.2284	0.5224	7.2532147084347e-07	3.54225110190929e-05	0.421492326369934
chr5	53816023	53816604	Human_hyper_OD	Chimp-specific	582	6	22.9014756861345	0.1249	0.2932	0.1476	0.1088	0.1295	0.2872	4.60584261414159e-07	1.22224208565628e-05	0.795402742693875
chr22	19395032	19395322	Human_hyper_OD	Chimp-specific	291	4	22.8957625173817	0.6699	0.8661	0.6485	0.556	0.6885	0.9094	2.29313171479416e-20	1.61769602419421e-25	0.00343116235339323
chr11	71139623	71140157	Human_hyper_OD	Chimp-specific	535	4	22.7880756647184	0.4422	0.7832	0.5352	0.4993	0.4939	0.7359	1.71746419876983e-12	3.00822921431844e-05	0.0236639762732862
chr2	112902022	112902204	Human_hyper_OD	Chimp-specific	183	6	22.7772278017433	0.426	0.8511	0.3363	0.5157	0.4996	0.852	8.19931056597291e-07	0.000172397218251642	0.563310597063145
chr6	155545144	155545372	Human_hyper_OD	Chimp-specific	229	4	22.718733445185	0.3773	0.9041	0.4706	0.674	0.4414	0.9056	3.91448331752128e-11	6.94797649968306e-12	0.170275700037185
chr16	89388227	89388353	Human_hyper_OD	Chimp-specific	127	6	22.6728161660918	0.4572	0.7623	0.3485	0.466	0.2007	0.7263	0.000322221152131153	5.59207180632457e-14	2.38588958065078e-06
chr2	9387812	9388012	Human_hyper_OD	Chimp-specific	201	6	22.6075266700285	0.356	0.8213	0.3347	0.6132	0.476	0.9443	5.77148810244316e-05	0.000236164003015951	0.394764935709482
chr3	100035674	100035858	Human_hyper_OD	Chimp-specific	185	4	22.4261660084096	0.3068	0.5757	0.2436	0.2354	0.7135	0.884	1.67035058729697e-16	9.68941500851319e-10	0.0194276080313242
chr2	74599191	74600065	Human_hyper_OD	Chimp-specific	875	6	22.2418490322693	0.4053	0.6262	0.4656	0.4427	0.638	0.7829	1.01674446704159e-07	5.72648877152199e-05	0.0373577514985028
chr3	61900094	61900254	Human_hyper_OD	Chimp-specific	161	5	22.0050816412055	0.3106	0.6407	0.3229	0.3981	0.2392	0.749	6.27033467071721e-05	4.80465838425016e-13	3.7565085134234e-05
chr20	40833099	40833276	Human_hyper_OD	Chimp-specific	178	5	21.9020401335301	0.4173	0.7123	0.3478	0.3629	0.355	0.6778	2.58410719829987e-06	4.49388971808184e-05	0.395134898918092
chr13	94066472	94066840	Human_hyper_OD	Chimp-specific	369	4	21.8607852034119	0.3895	0.78	0.4226	0.4594	0.2992	0.6678	1.66182870314487e-14	6.3334345308759e-08	0.266554654754798
chr1	18437831	18438044	Human_hyper_OD	Chimp-specific	214	6	21.8070305040206	0.1899	0.373	0.1697	0.1452	0.1821	0.3772	7.22019724870663e-05	5.64007504361516e-06	0.437183306209697
chr20	35155713	35155802	Human_hyper_OD	Chimp-specific	90	5	21.7957557534352	0.3965	0.7796	0.4583	0.5618	0.4422	0.7377	1.35078362645655e-05	0.00108395362204419	0.12810719593167
chr10	90734584	90735249	Human_hyper_OD	Chimp-specific	666	5	21.7333735162921	0.3508	0.5243	0.465	0.4059	0.6398	0.8638	1.2968964460083e-07	8.31373168792117e-11	0.0258400954761403
chr3	122843246	122844202	Human_hyper_OD	Chimp-specific	957	4	21.7049921423719	0.484	0.8383	0.3911	0.4514	0.6442	0.8772	1.27573957161365e-05	0.0130898818199706	0.222591047018895
chr8	9978087	9978340	Human_hyper_OD	Chimp-specific	254	5	21.6183015906377	0.6085	0.7854	0.5846	0.5176	0.7318	0.9169	2.44825201653025e-07	1.03693032444592e-10	0.192292581087982
chr9	121850131	121850552	Human_hyper_OD	Chimp-specific	422	4	21.5838400305264	0.6986	0.9154	0.7404	0.802	0.7242	0.9282	3.25932603827657e-07	9.41279019673923e-06	0.650486264064281
chr20	43130199	43130358	Human_hyper_OD	Chimp-specific	160	4	21.5729463279236	0.4098	0.6583	0.4441	0.2934	0.3942	0.6434	1.70031036179307e-07	4.84285407164115e-09	0.846527881826252
chr13	111932966	111933063	Human_hyper_OD	Chimp-specific	98	4	21.5344937212949	0.5357	0.7106	0.5601	0.3855	0.4967	0.8746	2.31274450854676e-08	1.10072524434571e-18	8.53391999876914e-07
chr8	24811203	24811283	Human_hyper_OD	Chimp-specific	81	5	21.2605167116505	0.6869	0.8904	0.7398	0.6972	0.7609	0.9128	8.36091635731491e-05	0.0237605547945939	0.503318278848998
chr2	23659666	23659985	Human_hyper_OD	Chimp-specific	320	5	21.1004727335492	0.3598	0.6702	0.3526	0.3492	0.6632	0.7967	7.50276336541354e-09	0.00152692664852026	0.00177534426101343
chr3	185739695	185739868	Human_hyper_OD	Chimp-specific	174	4	20.9967440650923	0.6156	0.8863	0.7484	0.6804	0.5894	0.8851	6.01091447434968e-08	1.20281373038066e-08	0.582801257359506
chr3	196763249	196763668	Human_hyper_OD	Chimp-specific	420	5	20.8861617748902	0.4753	0.6093	0.5462	0.416	0.5753	0.7574	7.25547042048582e-06	6.01303594128756e-07	0.0679201741613773
chr11	58278167	58278720	Human_hyper_OD	Chimp-specific	554	4	20.8580091933179	0.4219	0.8998	0.4705	0.5888	0.4514	0.8682	2.3481025202694e-14	7.4050278195388e-09	0.192154417683909
chr13	96758523	96759065	Human_hyper_OD	Chimp-specific	543	4	20.6872937137504	0.5688	0.7909	0.5535	0.5598	0.675	0.8657	6.84182500273767e-08	7.89880722240956e-06	0.374126366598389
chr1	102425584	102426389	Human_hyper_OD	Chimp-specific	806	5	20.6735504052518	0.5086	0.7381	0.5313	0.529	0.6289	0.8216	3.75988688727577e-08	0.000357921631923512	0.419074322026763
chr4	162978215	162978284	Human_hyper_OD	Chimp-specific	70	4	20.55095321317	0.128	0.6086	0.2235	0.3849	0.2258	0.6838	8.48305556897545e-11	2.2143543466588e-09	0.424069942931094
chr7	4049322	4049955	Human_hyper_OD	Chimp-specific	634	5	20.4063641724058	0.1519	0.6773	0.1846	0.339	0.3916	0.7667	7.67121051051872e-18	8.70831528064062e-06	0.000687558333072463
chr18	13266034	13266167	Human_hyper_OD	Chimp-specific	134	5	20.3892377519783	0.3852	0.9301	0.4925	0.7644	0.4668	0.9131	1.38505806959487e-05	0.00514821013337355	0.0593037336345284
chr9	13105128	13106116	Human_hyper_OD	Chimp-specific	989	4	20.3870917798017	0.5755	0.9362	0.6994	0.7899	0.652	0.9702	1.16702890182445e-13	7.26863239746823e-14	0.996167355442103
chr11	68607951	68608041	Human_hyper_OD	Chimp-specific	91	5	20.321201180985	0.1284	0.4861	0.1068	0.3042	0.2044	0.672	0.00231336709396922	2.08208734712909e-06	0.138830636027975
chr4	183029310	183029793	Human_hyper_OD	Chimp-specific	484	4	20.2562296482107	0.3801	0.7413	0.3843	0.3998	0.3944	0.7202	7.70319039981218e-10	2.59082678842997e-07	0.412921269011867
chr9	134731533	134731583	Human_hyper_OD	Chimp-specific	51	4	20.2365283807172	0.7749	0.9464	0.9099	0.808	0.821	0.9788	1.55557130626904e-11	1.56144827115662e-10	0.345274465395229
chr16	47163218	47163478	Human_hyper_OD	Chimp-specific	261	4	20.1356988636661	0.4773	0.841	0.4215	0.5261	0.7004	0.9563	1.57347415555465e-11	1.46904992280471e-07	0.249686242270437
chr1	186828050	186829098	Human_hyper_OD	Chimp-specific	1049	4	20.1140776041189	0.5398	0.8186	0.6211	0.6722	0.5705	0.935	9.02421163625732e-09	2.02076633825357e-14	0.150978431841256
chr9	91793987	91794052	Human_hyper_OD	Chimp-specific	66	4	20.1027168225218	0.0252	0.3454	0.0222	0.1133	0.0312	0.4285	9.47117660949055e-08	4.77242867253906e-13	0.273072183160134
chr2	318649	318722	Human_hyper_OD	Chimp-specific	74	5	19.9915791296057	0.3456	0.7706	0.3915	0.4746	0.3007	0.7908	1.60211062266916e-05	8.01190683813198e-07	0.141916828091157
chr4	140375915	140376036	Human_hyper_OD	Chimp-specific	122	6	19.6339986266772	0.0101	0.1806	0.0108	0.0594	0.0491	0.2088	3.63781705616181e-07	0.000215839404658337	0.0157962942926789
chr19	52599455	52599596	Human_hyper_OD	Chimp-specific	142	4	19.3908136330666	0.12	0.5553	0.1393	0.312	0.2864	0.8084	8.87769641308323e-07	8.04900109485674e-09	0.148023123177175
chr8	102991525	102992073	Human_hyper_OD	Chimp-specific	549	4	19.2929438790158	0.255	0.7604	0.2748	0.486	0.3813	0.842	6.42834825348768e-08	4.30760699188936e-07	0.590156867035262
chr3	111480258	111480645	Human_hyper_OD	Chimp-specific	388	4	19.1228819955993	0.2508	0.7479	0.3521	0.6179	0.2639	0.7837	4.38448473625481e-07	5.24171677379963e-08	0.308246989449582
chr7	39135944	39136425	Human_hyper_OD	Chimp-specific	482	4	19.0394229565866	0.5605	0.7981	0.543	0.5567	0.478	0.7766	9.27068623392826e-08	1.59124458938254e-09	0.600805364823275
chr1	226071057	226071130	Human_hyper_OD	Chimp-specific	74	5	19.0286681235666	0.1814	0.4471	0.2433	0.276	0.8158	0.938	7.11229138526654e-05	0.0103083811746507	0.180335308661855
chr1	3161026	3161227	Human_hyper_OD	Chimp-specific	202	6	19.0096006734091	0.6797	0.8993	0.3307	0.3667	0.7147	0.8878	0.00275983097240973	0.00591011343803107	0.329585349477488
chr13	27428061	27428288	Human_hyper_OD	Chimp-specific	228	4	18.9905698290725	0.5676	0.758	0.697	0.6236	0.6699	0.798	1.14738448637738e-07	1.21083037283033e-05	0.41033649351407
chr10	35866843	35867128	Human_hyper_OD	Chimp-specific	286	4	18.8391388089034	0.4473	0.6283	0.451	0.3851	0.594	0.9012	4.81465827696649e-06	2.00994713424376e-13	9.73210208260481e-06
chr7	81439703	81439894	Human_hyper_OD	Chimp-specific	192	4	18.8356992158285	0.5077	0.8712	0.4242	0.4181	0.5177	0.9167	9.87312399286308e-05	2.10407253914597e-05	0.235172566600505
chr20	3908233	3908728	Human_hyper_OD	Chimp-specific	496	4	18.8118221403968	0.2257	0.6514	0.2946	0.4035	0.4535	0.7352	1.07511595065739e-11	6.71585887289373e-05	0.000161750507556043
chr6	6649662	6650297	Human_hyper_OD	Chimp-specific	636	4	18.6570026487359	0.4914	0.8893	0.54	0.512	0.387	0.8284	1.9242613117282e-08	1.29045595433549e-12	0.117714948877407
chr18	31192376	31192775	Human_hyper_OD	Chimp-specific	400	4	18.6095812177435	0.6133	0.7898	0.5711	0.5123	0.5923	0.8206	1.95530544593643e-10	2.8285250778129e-14	0.171124098441589
chr12	99540396	99540733	Human_hyper_OD	Chimp-specific	338	5	18.6001897854725	0.3432	0.6839	0.4507	0.548	0.3545	0.6636	1.07834140257135e-06	3.17551594484467e-05	0.765604702537073
chr1	24069359	24069484	Human_hyper_OD	Chimp-specific	126	4	18.5658466116509	0.1903	0.4218	0.1159	0.0883	0.2279	0.4814	1.55538363334908e-10	1.32005514943906e-08	0.864038966332407
chr3	130692339	130693336	Human_hyper_OD	Chimp-specific	998	4	18.3778348000739	0.8305	0.9465	0.8385	0.7859	0.7991	0.9152	6.72632138851701e-11	5.14754840772223e-12	0.657614425972605
chr4	30823208	30823593	Human_hyper_OD	Chimp-specific	386	4	18.2846270121669	0.4518	0.7501	0.5721	0.6096	0.5901	0.8882	9.01641407462739e-12	2.51038397765698e-17	0.0904292382877512
chr2	206546299	206546437	Human_hyper_OD	Chimp-specific	139	5	18.2541023690223	0.2257	0.424	0.197	0.2186	0.1245	0.4357	0.000341441331052195	6.93988376462024e-10	0.00149704566156306
chr6	6177259	6177577	Human_hyper_OD	Chimp-specific	319	4	18.1748354216058	0.3729	0.6197	0.4362	0.4282	0.4216	0.7201	0.000614698238201541	8.3110533919007e-08	0.189124697885041
chr17	17397539	17397964	Human_hyper_OD	Chimp-specific	426	5	18.0930719655843	0.1794	0.5925	0.2506	0.4693	0.2436	0.6886	0.00120351763548711	4.3127867313695e-07	0.714515269803497
chr12	18398031	18398176	Human_hyper_OD	Chimp-specific	146	4	18.0458365894489	0.2742	0.8251	0.2988	0.6387	0.2263	0.8485	6.65296401114548e-05	4.84779670693732e-08	0.0551279639634732
chr2	222365736	222365798	Human_hyper_OD	Chimp-specific	63	4	17.8819376526627	0.4527	0.6732	0.5299	0.5099	0.4036	0.9153	3.76337414196516e-05	4.70007922997852e-24	4.79341674470798e-08
chr3	10541106	10541220	Human_hyper_OD	Chimp-specific	115	5	17.8365150882887	0.2114	0.7507	0.3006	0.5898	0.2339	0.7705	4.17331316032919e-07	4.41608034937834e-08	0.82975503836334
chr20	59779456	59779596	Human_hyper_OD	Chimp-specific	141	4	17.5324199234668	0.1238	0.5547	0.0826	0.1932	0.2178	0.5954	1.96150827737919e-08	6.38052327648399e-07	0.161029779714385
chr9	23822997	23823125	Human_hyper_OD	Chimp-specific	129	5	17.4257435265598	0.4806	0.7621	0.4792	0.519	0.3904	0.7319	7.75437852558729e-05	6.09979386595051e-08	0.451795443711039
chr6	6558065	6558209	Human_hyper_OD	Chimp-specific	145	4	17.3192402574893	0.5352	0.7128	0.5984	0.5122	0.636	0.8595	1.32082386416865e-07	2.72036189801692e-14	0.105667890946823
chr8	1850442	1850561	Human_hyper_OD	Chimp-specific	120	5	17.20240310805	0.5195	0.6904	0.5364	0.4256	0.7749	0.9439	0.00392057841127528	1.65756321974549e-06	0.279949543907671
chr3	11178919	11179101	Human_hyper_OD	Chimp-specific	183	4	17.1626163578293	0.3488	0.6371	0.2716	0.224	0.2434	0.7479	3.00830280963556e-08	4.82800850097795e-22	3.58700331716666e-07
chr18	13375443	13375540	Human_hyper_OD	Chimp-specific	98	4	17.0082232675314	0.0191	0.3223	0.0163	0.0804	0.0344	0.4153	5.9299343372399e-05	7.32863783015189e-09	0.749571069827554
chr13	111807274	111807454	Human_hyper_OD	Chimp-specific	181	4	16.6501371957391	0.3614	0.5785	0.473	0.4174	0.5677	0.7451	5.60044416356908e-07	2.76540957734895e-05	0.241346191467486
chr9	128510812	128510909	Human_hyper_OD	Chimp-specific	98	4	16.5157219077933	0.0629	0.311	0.0545	0.0972	0.0948	0.4605	2.50081592882114e-05	1.04440114102234e-06	0.134153328720308
chr2	15181687	15181948	Human_hyper_OD	Chimp-specific	262	4	16.492512710807	0.3209	0.6322	0.2797	0.34	0.2197	0.6355	4.45037052831253e-05	4.71587729218343e-09	0.0535510112778915
chr14	103978349	103978407	Human_hyper_OD	Chimp-specific	59	4	16.4641379667671	0.417	0.8871	0.447	0.6644	0.3726	0.9266	0.000109091226783367	2.78918624347995e-13	0.327245781847724
chr18	5894281	5894491	Human_hyper_OD	Chimp-specific	211	5	15.9646060909514	0.1443	0.335	0.1981	0.2312	0.1381	0.3745	0.000100684712085562	2.67567034510541e-06	0.24438940930113
chr15	66082968	66083125	Human_hyper_OD	Chimp-specific	158	4	15.8423231247166	0.1686	0.4402	0.2393	0.3097	0.199	0.47	6.74730024283558e-05	0.000681908605661718	0.786656815094081
chr2	2242357	2242518	Human_hyper_OD	Chimp-specific	162	4	15.8093286879777	0.5451	0.7845	0.5085	0.4469	0.6683	0.8812	4.40305970501643e-09	1.1210907970353e-06	0.785936391551105
chr9	88715119	88715178	Human_hyper_OD	Chimp-specific	60	5	15.7607665558302	0.2902	0.5902	0.0404	0.0614	0.7338	0.9216	4.86310209725885e-09	3.53871686718549e-05	0.444378749811666
chr6	91413262	91413384	Human_hyper_OD	Chimp-specific	123	4	15.5439175139643	0.317	0.8153	0.3447	0.5872	0.3581	0.8804	0.000156130046478771	2.68684459296565e-08	0.542840305088671
chr3	18833045	18833267	Human_hyper_OD	Chimp-specific	223	4	15.5096338904711	0.2571	0.7099	0.314	0.5143	0.3671	0.7703	0.000161787665564574	0.00514209297087336	0.835264275209953
chr17	9882550	9883268	Human_hyper_OD	Chimp-specific	719	4	15.2606900110746	0.4561	0.8676	0.3084	0.4542	0.4567	0.9059	2.0910987973262e-06	3.74233603662153e-10	0.110978483325823
chr14	91724353	91724449	Human_hyper_OD	Chimp-specific	97	4	15.1799128508488	0.1874	0.771	0.2355	0.5967	0.1877	0.7775	1.83940086580097e-09	2.96347411583907e-08	0.826499130593599
chr12	68246374	68246992	Human_hyper_OD	Chimp-specific	619	4	15.0473200128474	0.4212	0.6606	0.4563	0.3322	0.536	0.7061	9.91020240123414e-11	1.43677581371614e-06	0.0416284473348472
chr3	119688411	119688740	Human_hyper_OD	Chimp-specific	330	5	14.9105797986311	0.6476	0.7514	0.5634	0.5152	0.5528	0.7163	4.39399899893561e-07	1.56356591303215e-06	0.451043231439477
chr13	30594312	30594364	Human_hyper_OD	Chimp-specific	53	4	14.8743698347519	0.3428	0.5947	0.1568	0.2582	0.3014	0.7217	0.0110761571214436	2.27987349203187e-07	0.0349829801837175
chr6	13694199	13694596	Human_hyper_OD	Chimp-specific	398	4	14.866539722832	0.5689	0.8541	0.5519	0.7067	0.646	0.9285	2.35169391027161e-05	5.27524538888054e-08	0.178262607123921
chr16	6534317	6534576	Human_hyper_OD	Chimp-specific	260	5	14.8214603473998	0.0418	0.3102	0.0267	0.0929	0.0555	0.3148	8.26895882645107e-05	2.448621982158e-07	0.987609246277819
chr8	124551276	124551370	Human_hyper_OD	Chimp-specific	95	4	14.8180967183766	0.4081	0.671	0.5704	0.4924	0.3948	0.7067	2.77228934331625e-05	0.000132372396851369	0.593630047263165
chr20	58262845	58263286	Human_hyper_OD	Chimp-specific	442	4	14.5112328189147	0.4568	0.7514	0.5182	0.5102	0.483	0.9157	9.17876038520526e-10	1.19847494216257e-15	2.15308234967929e-07
chr2	177037412	177037468	Human_hyper_OD	Chimp-specific	57	4	14.3080100804024	0.1364	0.3769	0.1179	0.1686	0.0718	0.4973	3.2483942630044e-05	1.11193471841821e-21	2.31033528643673e-06
chr16	10071398	10071487	Human_hyper_OD	Chimp-specific	90	4	14.0993293922033	0.2394	0.5091	0.1378	0.1858	0.246	0.7776	0.00346831559270191	2.53467316943181e-15	4.22104103838708e-06
chr2	222426325	222426535	Human_hyper_OD	Chimp-specific	211	4	14.0542111744473	0.3843	0.8453	0.4087	0.7245	0.368	0.881	0.00474655921861564	2.15875894591616e-05	0.209274604485158
chr6	41004823	41004885	Human_hyper_OD	Chimp-specific	63	4	13.7751967373928	0.3716	0.891	0.3253	0.5919	0.3192	0.8901	0.000172133978103639	1.10771011772479e-05	0.33368597631456
chr8	93894733	93894876	Human_hyper_OD	Chimp-specific	144	4	13.4618732161376	0.4578	0.8366	0.5487	0.7174	0.6068	0.9047	0.00102478338765911	0.0241057222007419	0.26185192711459
chr14	73074600	73075591	Human_hyper_OD	Chimp-specific	992	4	13.2829152051799	0.5345	0.8064	0.5818	0.5515	0.7314	0.8974	8.81059737401465e-13	3.05127528426713e-05	0.00669686690787697
chr13	110535192	110535541	Human_hyper_OD	Chimp-specific	350	4	12.8402048136399	0.7747	0.886	0.6938	0.5865	0.6553	0.9653	2.44583551479664e-06	1.39278755619015e-20	3.28475206152362e-09
chr6	46458238	46458293	Human_hyper_OD	Chimp-specific	56	4	12.7858847474823	0.0993	0.2426	0.0933	0.1021	0.0432	0.3788	0.000438781822583116	1.12416564931558e-16	7.67018685514605e-09
chr3	119448477	119449080	Human_hyper_OD	Chimp-specific	604	4	12.3719496498233	0.7379	0.8474	0.5906	0.5097	0.4479	0.8535	3.45894068889516e-06	4.80272075784205e-33	7.08039474817949e-20
chr2	340957	341017	Human_hyper_OD	Chimp-specific	61	4	12.2674746530266	0.5798	0.6852	0.1655	0.1631	0.2749	0.7292	0.000366308894826509	1.40010365038765e-23	8.41152715893156e-22
chr14	51289287	51289399	Human_hyper_OD	Chimp-specific	113	4	12.195070094067	0.4895	0.7853	0.3141	0.4468	0.6574	0.9105	0.00384344242207377	0.0342301664665019	0.83765394449576
chr19	40696162	40696238	Human_hyper_OD	Chimp-specific	77	4	12.1242055863199	0.322	0.6921	0.3193	0.4432	0.4875	0.8185	0.00644578531152789	0.0200164312079545	0.955029481243638
chr14	86001393	86001533	Human_hyper_OD	Chimp-specific	141	4	11.4746486037141	0.0264	0.2655	0.0304	0.131	0.0281	0.3139	0.000448548470989041	2.92274747284581e-06	0.392678075099188
