chr	str	end	type	specificity	length	nCG	areaStat	Human_ND	Human_OD	Chimp_ND	Chimp_OD	Macaq_ND	Macaq_OD	Bonferroni_interaction_HvsC	Bonferroni_interaction_MvsC	Bonferroni_interaction_MvsH
chr1	223839718	223841041	Human_hyper_ND	Chimp-specific	1324	24	-115.182424533645	0.5373	0.2293	0.2094	0.1974	0.7013	0.485	3.43817698887197e-16	2.51895765722281e-08	0.0452940470479655
chr8	20433384	20434609	Human_hyper_ND	Chimp-specific	1226	19	-109.728191169699	0.8891	0.6719	0.7015	0.8263	0.9003	0.6828	1.111698734471e-40	2.37698739953056e-28	0.284916416581243
chr5	141412334	141412886	Human_hyper_ND	Chimp-specific	553	12	-105.370739898601	0.8697	0.5919	0.4512	0.6729	0.8228	0.5762	1.21376440812996e-21	8.63965616362472e-20	0.593008934415853
chr10	132183674	132185005	Human_hyper_ND	Chimp-specific	1332	8	-90.5551559063836	0.8061	0.28	0.4844	0.5477	0.8449	0.5047	1.69648091375699e-48	4.01192386232779e-30	6.65015801448421e-13
chr8	8717916	8718828	Human_hyper_ND	Chimp-specific	913	13	-88.6178392910657	0.7275	0.4035	0.394	0.4524	0.5897	0.2672	2.82384743556043e-24	3.84245376689407e-29	0.438210967707274
chr16	23290589	23291705	Human_hyper_ND	Chimp-specific	1117	15	-85.2101813457682	0.754	0.2773	0.5234	0.3255	0.8123	0.4353	9.49024363872604e-18	1.86934050293266e-14	0.0021092345419376
chr3	170138144	170138485	Human_hyper_ND	Chimp-specific	342	12	-81.3449045907974	0.6993	0.1048	0.2419	0.0612	0.89	0.0672	2.07476639653691e-12	8.66791103444973e-39	1.93078922769916e-06
chr13	31425498	31427252	Human_hyper_ND	Chimp-specific	1755	11	-74.8804256853575	0.8674	0.6606	0.6292	0.7452	0.7999	0.6235	6.76234452259498e-41	3.83615491403759e-38	0.359902530813297
chr7	21084534	21085323	Human_hyper_ND	Chimp-specific	790	14	-68.1347091821249	0.6619	0.2381	0.4804	0.2893	0.8266	0.3581	3.77336290460837e-14	7.91098036732199e-30	0.0494590852330917
chr3	76747834	76749391	Human_hyper_ND	Chimp-specific	1558	10	-63.2061966035517	0.7786	0.5742	0.5998	0.7428	0.9019	0.7239	8.58855005717047e-21	5.96995236076363e-22	0.634500812236485
chr4	130017304	130017557	Human_hyper_ND	Chimp-specific	254	10	-62.847765915777	0.2767	0.0534	0.0142	0.0036	0.1907	0.0247	4.4329354793092e-16	0.029363983115961	0.692190475229671
chr11	124733581	124734750	Human_hyper_ND	Chimp-specific	1170	15	-62.4479501717262	0.5104	0.184	0.3388	0.3316	0.5906	0.2669	2.05365570106223e-22	1.40028620436248e-17	0.583581091144907
chr20	17609465	17612024	Human_hyper_ND	Chimp-specific	2560	9	-61.2679548237609	0.9465	0.7147	0.7443	0.8642	0.9081	0.7815	6.19035582208712e-68	4.07641415843987e-27	4.87007302962183e-18
chr2	177895029	177896014	Human_hyper_ND	Chimp-specific	986	11	-60.5611897621851	0.7812	0.4368	0.4155	0.3601	0.8354	0.4193	8.51113914066541e-24	6.53997097491528e-44	0.00317414678982739
chr16	74777019	74778104	Human_hyper_ND	Chimp-specific	1086	10	-58.5277347408423	0.8646	0.3976	0.2559	0.1405	0.8781	0.4635	2.12328462131698e-28	8.67335196755248e-20	0.00998968369480054
chr12	51418022	51418441	Human_hyper_ND	Chimp-specific	420	11	-53.9113973810465	0.507	0.0691	0.1519	0.0176	0.6308	0.1285	3.16938896635823e-08	1.15366081360804e-07	0.934014119873678
chr8	61613836	61615798	Human_hyper_ND	Chimp-specific	1963	8	-53.1718842431498	0.908	0.4239	0.6103	0.4436	0.9641	0.7216	9.07196057074847e-43	6.77760213970686e-31	5.45196233497207e-14
chr1	109418889	109419111	Human_hyper_ND	Chimp-specific	223	9	-49.7497762650682	0.7058	0.055	0.3022	0.0221	0.7679	0.0088	5.44191417694399e-07	1.23099077884027e-14	0.000191463236395896
chr14	61969958	61970527	Human_hyper_ND	Chimp-specific	570	8	-47.8712440292038	0.8745	0.4059	0.4927	0.4417	0.8765	0.3342	4.10491071987341e-19	1.12066667078356e-27	0.567841537044857
chr2	43231623	43232642	Human_hyper_ND	Chimp-specific	1020	8	-47.2558083707523	0.9411	0.5237	0.6692	0.559	0.8848	0.4415	9.54896947925211e-17	3.67011267840214e-12	0.433871408406742
chr11	132849086	132850584	Human_hyper_ND	Chimp-specific	1499	10	-46.6887831843811	0.8213	0.6216	0.6219	0.6778	0.918	0.6809	8.4762291120799e-10	5.98418354261942e-12	0.101059710262663
chr20	31753099	31753983	Human_hyper_ND	Chimp-specific	885	9	-44.4094530463174	0.8618	0.6476	0.7277	0.7111	0.9404	0.8096	2.84613198976554e-08	1.26170690944987e-06	0.17452565557512
chr1	162357350	162357848	Human_hyper_ND	Chimp-specific	499	11	-43.9914132309546	0.8821	0.7429	0.665	0.6973	0.8486	0.6283	6.34384232217239e-06	1.5784279135247e-06	0.0304588814536896
chr13	42213880	42215268	Human_hyper_ND	Chimp-specific	1389	8	-43.9310027548666	0.8278	0.4185	0.6189	0.5094	0.9029	0.4055	1.27177161306953e-25	7.22154184698394e-62	3.53677209980371e-09
chr4	148980459	148981370	Human_hyper_ND	Chimp-specific	912	9	-42.8459827414258	0.7814	0.5095	0.4602	0.4658	0.8022	0.4201	1.82673610750482e-08	1.21143638653128e-19	0.00153613298690274
chr10	19466451	19467506	Human_hyper_ND	Chimp-specific	1056	7	-42.499891295532	0.9033	0.6673	0.6276	0.5516	0.8863	0.5263	2.10540030499925e-21	2.34585575295096e-43	4.81928148706161e-05
chr8	16382861	16385074	Human_hyper_ND	Chimp-specific	2214	8	-41.9365687819752	0.9006	0.5843	0.5149	0.4186	0.8628	0.6946	9.42915284903722e-58	1.14361412942277e-14	0.00371010665301513
chr10	23392945	23393328	Human_hyper_ND	Chimp-specific	384	7	-40.6870431104704	0.8939	0.4279	0.604	0.4695	0.93	0.4728	9.56371597355607e-14	8.33998815337691e-17	0.470156767392165
chr8	83919971	83920528	Human_hyper_ND	Chimp-specific	558	6	-40.5992177478769	0.827	0.5067	0.5734	0.6059	0.8694	0.6755	3.8996728128421e-19	4.10332177781075e-09	0.00200248458284768
chr13	34319455	34320429	Human_hyper_ND	Chimp-specific	975	8	-39.7180500707223	0.7819	0.5199	0.5223	0.5258	0.8275	0.7033	6.42085437266321e-11	3.47465507665234e-07	0.0686287962125168
chr20	59662984	59663400	Human_hyper_ND	Chimp-specific	417	6	-39.2921354688528	0.929	0.7277	0.6222	0.7206	0.9469	0.8381	7.81765986416797e-21	4.11931407263516e-09	7.25182355701245e-05
chr21	43674297	43674757	Human_hyper_ND	Chimp-specific	461	9	-39.2608688073415	0.7422	0.1185	0.4429	0.0992	0.845	0.0737	2.46279705916902e-06	1.63056157249846e-27	0.00331879477902541
chr6	156349213	156349582	Human_hyper_ND	Chimp-specific	370	8	-39.2366452080027	0.6659	0.356	0.2775	0.2662	0.728	0.3418	4.40140681663408e-16	4.46754534132042e-28	0.0121941989557944
chr2	29299079	29299512	Human_hyper_ND	Chimp-specific	434	9	-39.0551004520417	0.6242	0.0243	0.3825	0.074	0.6619	0.0086	4.83017452535493e-13	2.41445344608313e-24	0.0219595219854314
chr10	17241495	17242227	Human_hyper_ND	Chimp-specific	733	8	-38.9833822990869	0.532	0.241	0.3698	0.3478	0.7229	0.4544	1.20657592020439e-10	1.45412797092559e-10	0.319324111978171
chr5	87798170	87799014	Human_hyper_ND	Chimp-specific	845	8	-37.9062245729572	0.5709	0.0318	0.3058	0.0325	0.7287	0.0511	1.57365774432737e-06	2.32877458997791e-11	0.00506874483571336
chr19	36319412	36319735	Human_hyper_ND	Chimp-specific	324	9	-37.7853825368342	0.8533	0.2887	0.4968	0.2559	0.7914	0.136	3.47666712829204e-13	7.76910414641889e-20	0.0109437942364086
chr20	57994777	57995168	Human_hyper_ND	Chimp-specific	392	9	-37.4595886767386	0.8852	0.7283	0.7411	0.6925	0.9232	0.781	3.6103409543615e-10	6.34209300754573e-07	0.132714842614808
chr20	47424166	47424356	Human_hyper_ND	Chimp-specific	191	6	-36.9061083978321	0.7315	0.1133	0.5397	0.2583	0.7395	0.086	1.59680170355986e-18	9.02553405110144e-20	0.604645661650079
chr8	92178045	92179491	Human_hyper_ND	Chimp-specific	1447	8	-36.6508730430037	0.9447	0.7977	0.7435	0.8186	0.9698	0.8387	2.28227968288139e-19	8.23274786050239e-21	0.680100600027149
chr22	35969526	35969737	Human_hyper_ND	Chimp-specific	212	9	-36.3493383981908	0.538	0.2522	0.3655	0.3607	0.6136	0.1652	6.91127220178438e-08	1.73422082551154e-13	0.00331879477902541
chr6	26330269	26330645	Human_hyper_ND	Chimp-specific	377	9	-36.1948621200124	0.3039	0.1679	0.1554	0.2078	0.455	0.343	4.15223094917833e-07	8.68488194455346e-07	0.251166333659452
chr13	46481972	46482416	Human_hyper_ND	Chimp-specific	445	9	-35.4950164107858	0.8076	0.7062	0.5539	0.64	0.8509	0.7071	3.61301007882149e-07	0.00188470569422849	0.496991140889821
chr9	113039233	113039717	Human_hyper_ND	Chimp-specific	485	5	-35.1326631709316	0.9057	0.7442	0.681	0.8295	0.9347	0.7529	3.7172272602659e-21	1.88863154500135e-21	0.250623419954334
chr19	29800275	29800625	Human_hyper_ND	Chimp-specific	351	7	-34.5384677349501	0.5183	0.1886	0.079	0.0417	0.3094	0.0326	4.94627548592981e-14	3.36246898257232e-08	0.527992073147568
chr21	17652419	17652590	Human_hyper_ND	Chimp-specific	172	8	-34.2303593604885	0.6533	0.0355	0.3782	0.0543	0.6912	0.0182	2.24232299946074e-08	8.57289309385725e-13	0.14255329508005
chr16	87421718	87422349	Human_hyper_ND	Chimp-specific	632	9	-33.9795734945998	0.2309	0.0099	0.0798	0.0043	0.214	0.01	9.2463666167489e-08	9.60563536124353e-05	0.341463620162994
chr9	101932248	101934004	Human_hyper_ND	Chimp-specific	1757	7	-33.9745458404403	0.8623	0.575	0.7476	0.6718	0.8458	0.6552	1.35513254251066e-12	2.53285676870651e-08	0.000367316168792605
chr7	158784201	158784307	Human_hyper_ND	Chimp-specific	107	4	-33.7632734014681	0.8658	0.5216	0.5867	0.6794	0.9352	0.5072	9.10357896830333e-14	6.38684869688585e-21	0.0173587730297607
chr6	125341300	125342139	Human_hyper_ND	Chimp-specific	840	7	-33.6680175190486	0.5503	0.1888	0.298	0.2094	0.5052	0.168	1.33350810477463e-17	7.42477746496109e-21	0.324014112244268
chr1	54952675	54953040	Human_hyper_ND	Chimp-specific	366	8	-33.4477721560365	0.7626	0.3585	0.5367	0.3913	0.8427	0.2717	7.22436101621062e-08	3.17323204985421e-15	0.00125136618592321
chr10	131644300	131644698	Human_hyper_ND	Chimp-specific	399	9	-33.2659697440114	0.8731	0.6822	0.6871	0.64	0.9116	0.7991	0.000129772844415109	0.0056888666315969	0.120685738389299
chr11	16330111	16331027	Human_hyper_ND	Chimp-specific	917	6	-32.9601765707272	0.7692	0.5838	0.517	0.5851	0.9544	0.7566	1.17573200771848e-09	1.48621280585195e-16	4.79991100357319e-06
chr12	113683854	113684022	Human_hyper_ND	Chimp-specific	169	5	-32.8834558710402	0.5633	0.04	0.3416	0.2208	0.7923	0.0492	1.2530374625264e-14	6.72342182936647e-33	0.000825981542531602
chr4	3306154	3306544	Human_hyper_ND	Chimp-specific	391	8	-32.8307930203683	0.6616	0.212	0.2701	0.1315	0.7126	0.2749	9.60588607721904e-07	6.20083759665938e-05	0.734384244286479
chr5	123598083	123598607	Human_hyper_ND	Chimp-specific	525	9	-32.4806923537478	0.245	0.0947	0.1195	0.1041	0.4029	0.1162	1.75306755996209e-07	2.82242049989484e-15	9.7853870890525e-10
chr6	133447650	133448021	Human_hyper_ND	Chimp-specific	372	6	-32.4070195690768	0.8054	0.5481	0.4824	0.4706	0.9382	0.6462	2.27158055478666e-16	7.51240755132425e-25	0.0022206347239359
chr2	16154095	16154630	Human_hyper_ND	Chimp-specific	536	6	-32.0081123035501	0.6954	0.0497	0.2868	0.0142	0.5911	0.0308	8.19312783946015e-10	1.79230635048342e-07	0.207375376863137
chr21	20273831	20276502	Human_hyper_ND	Chimp-specific	2672	7	-31.4179338114477	0.8836	0.6884	0.771	0.7939	0.8881	0.711	2.49261546741612e-11	3.40898215475508e-13	0.761782141439272
chr5	134447683	134448219	Human_hyper_ND	Chimp-specific	537	4	-31.1799850177801	0.7888	0.5045	0.4509	0.6338	0.8976	0.5167	3.81463112546774e-24	8.00898196801413e-45	0.000653119304206051
chr12	98010992	98011427	Human_hyper_ND	Chimp-specific	436	7	-31.0369901044325	0.6374	0.0522	0.386	0.0433	0.603	0.043	5.39153913993955e-05	0.000301708026031039	0.642462311332969
chr19	34573617	34573816	Human_hyper_ND	Chimp-specific	200	6	-30.8943041054083	0.622	0.2523	0.3293	0.2952	0.5187	0.2612	3.39569096252418e-21	8.13478533706187e-08	0.00547477518798686
chr16	89440582	89441037	Human_hyper_ND	Chimp-specific	456	6	-30.4284438096393	0.6369	0.2705	0.4026	0.2551	0.7002	0.0096	3.61381926100936e-12	2.59185477776381e-140	1.7217501980349e-44
chr18	60544613	60545056	Human_hyper_ND	Chimp-specific	444	6	-30.0134717649705	0.5512	0.052	0.3524	0.0682	0.4691	0.0237	4.92784934833568e-09	1.53901304982379e-05	0.722601948967372
chr11	103721573	103722177	Human_hyper_ND	Chimp-specific	605	6	-29.9272206066766	0.5651	0.3599	0.4046	0.4698	0.6983	0.4961	5.5564260034643e-17	3.01283358873824e-14	0.834084537764166
chr3	112513491	112513929	Human_hyper_ND	Chimp-specific	439	6	-29.5256715021758	0.905	0.7291	0.7299	0.8011	0.96	0.7784	6.78568236898703e-11	5.50944039633235e-21	0.198334989875718
chr15	57520587	57521224	Human_hyper_ND	Chimp-specific	638	4	-29.4170017016701	0.8598	0.3931	0.6514	0.4411	0.8384	0.4285	1.08346295886589e-12	8.79933070867855e-09	0.00393772082863854
chr10	95756306	95757239	Human_hyper_ND	Chimp-specific	934	6	-28.130271939992	0.9142	0.8035	0.7433	0.8467	0.8793	0.7291	2.13663730813478e-19	2.43221366992483e-26	0.778286500202126
chr18	38412706	38413409	Human_hyper_ND	Chimp-specific	704	6	-28.0578367416232	0.8967	0.5808	0.6468	0.4526	0.8318	0.5662	1.93246890222008e-06	0.00212220671210424	0.0374415841611388
chr2	68880714	68881018	Human_hyper_ND	Chimp-specific	305	7	-27.9761236767522	0.7458	0.4508	0.5209	0.5115	0.8736	0.5392	0.000110656272998744	1.49380399437035e-10	0.44192727140503
chr14	34532658	34532900	Human_hyper_ND	Chimp-specific	243	6	-27.6034207978911	0.6827	0.4613	0.3571	0.4687	0.7728	0.2079	2.44601089636872e-07	6.36227859282969e-43	1.15774154705531e-08
chr2	68172242	68172672	Human_hyper_ND	Chimp-specific	431	5	-27.5713593938708	0.847	0.0784	0.4911	0.0764	0.877	0.0849	4.04911020449546e-12	7.4450367574751e-13	0.79156675743857
chr17	76729061	76729607	Human_hyper_ND	Chimp-specific	547	4	-26.9993888920723	0.3746	0.0632	0.1193	0.1427	0.8932	0.7244	2.07307930009611e-12	6.88278794178412e-09	0.00470343023368276
chr9	81914961	81915212	Human_hyper_ND	Chimp-specific	252	4	-26.6304437055066	0.8027	0.2356	0.51	0.3386	0.8658	0.0868	1.09418149747731e-11	3.25900866226279e-27	4.36138300914419e-09
chr10	125060689	125060822	Human_hyper_ND	Chimp-specific	134	5	-26.4463670454524	0.7072	0.0461	0.3894	0.0422	0.8661	0.0132	1.86062590116362e-07	4.2069470000445e-26	4.26209693461238e-12
chr1	207845937	207846808	Human_hyper_ND	Chimp-specific	872	5	-26.2131410890116	0.7282	0.4809	0.2165	0.2308	0.6507	0.5445	4.6112670354128e-18	9.00870820403529e-10	0.0237112817440748
chr3	148047616	148047965	Human_hyper_ND	Chimp-specific	350	4	-26.1586438236146	0.8888	0.7424	0.7556	0.8341	0.9283	0.7241	1.25601711682147e-12	1.9559777232965e-17	0.00499284898849617
chr5	79436523	79437518	Human_hyper_ND	Chimp-specific	996	6	-26.0582436127282	0.7262	0.2274	0.476	0.2517	0.8744	0.3369	3.42207716050889e-16	4.23789040692445e-17	0.00333959792838261
chr1	28216977	28217318	Human_hyper_ND	Chimp-specific	342	5	-26.0554251384946	0.5315	0.274	0.3103	0.3184	0.8084	0.0874	3.45342816158316e-08	1.3532687517891e-58	7.88029854374527e-18
chr12	120033278	120033586	Human_hyper_ND	Chimp-specific	309	6	-26.0018148063122	0.6382	0.2408	0.3392	0.1864	0.5225	0.1358	2.53843770194383e-15	3.20144899221166e-11	0.855006495220871
chr9	97844091	97844155	Human_hyper_ND	Chimp-specific	65	4	-25.7305337982228	0.8491	0.2116	0.5491	0.2692	0.8022	0.0326	2.79678585563403e-08	9.27078920293518e-14	2.94286094040481e-06
chr2	174614983	174615594	Human_hyper_ND	Chimp-specific	612	6	-25.4816317238585	0.5057	0.0803	0.142	0.0429	0.6241	0.1762	5.89951595442162e-25	1.08488062734735e-10	0.0536024340996298
chr9	82048570	82049656	Human_hyper_ND	Chimp-specific	1087	6	-25.4632284677945	0.8586	0.6452	0.6815	0.6841	0.9009	0.5378	3.78510534862322e-14	1.05745309341586e-28	3.25082572108736e-07
chr3	14990596	14991006	Human_hyper_ND	Chimp-specific	411	5	-25.3375329624848	0.3289	0.1425	0.0308	0.0102	0.2452	0.0451	3.51205393882026e-08	6.07715769495494e-07	0.0207415180659182
chr21	40459789	40459879	Human_hyper_ND	Chimp-specific	91	6	-25.111469869655	0.8288	0.0177	0.565	0.0682	0.847	0.0208	2.57932986402896e-07	6.88248176953884e-06	0.678923979970269
chr18	76306269	76306631	Human_hyper_ND	Chimp-specific	363	5	-25.0956592136223	0.87	0.6248	0.5095	0.4778	0.9176	0.7614	2.11256846242683e-08	2.87188048451938e-05	0.0467377587756004
chr3	171091464	171092608	Human_hyper_ND	Chimp-specific	1145	5	-24.9694948593893	0.6949	0.4505	0.4579	0.4794	0.8306	0.3768	2.67679026900025e-09	2.31335721396388e-32	8.64833240134516e-09
chr5	101014352	101014537	Human_hyper_ND	Chimp-specific	186	5	-24.9642530035734	0.3626	0.0379	0.1063	0.0121	0.3296	0.0453	4.45857957515797e-12	8.96213239306383e-05	0.0201917859015712
chr12	33150629	33151133	Human_hyper_ND	Chimp-specific	505	5	-24.8811281394031	0.7867	0.5193	0.357	0.3661	0.6863	0.3837	2.65662496004977e-12	8.25962842864995e-26	0.10519069514807
chr15	42568139	42568597	Human_hyper_ND	Chimp-specific	459	5	-24.8451208585989	0.6879	0.0921	0.3791	0.0684	0.631	0.1034	1.38931688207660e-09	5.92161476712309e-05	0.00369004477071133
chr9	134881671	134882463	Human_hyper_ND	Chimp-specific	793	5	-24.6099664952726	0.6216	0.2479	0.4202	0.3372	0.5621	0.2007	1.21519318916746e-13	6.15209241690825e-16	0.517448452356059
chr17	32784324	32785669	Human_hyper_ND	Chimp-specific	1346	4	-24.5206347722907	0.9146	0.7144	0.7406	0.824	0.9161	0.7126	2.18428071566747e-31	5.23426084469347e-16	0.612024728016239
chr5	142496827	142496949	Human_hyper_ND	Chimp-specific	123	6	-24.3551965069729	0.6799	0.3156	0.5341	0.399	0.6877	0.3233	1.84643205482334e-07	6.60312834552597e-08	0.936591367083218
chr5	133866483	133866745	Human_hyper_ND	Chimp-specific	263	6	-24.0884149297081	0.8215	0.4911	0.6458	0.6001	0.8958	0.7147	2.01139244493706e-08	5.53490542661399e-06	0.00571299607839393
chr9	108181993	108182470	Human_hyper_ND	Chimp-specific	478	6	-24.0771689452584	0.8136	0.5158	0.5804	0.6096	0.8775	0.7038	1.33415639238989e-11	0.000605150413259015	0.00293819240030589
chr16	86775059	86775122	Human_hyper_ND	Chimp-specific	64	5	-24.0754588159505	0.6258	0.2036	0.3293	0.2453	0.9108	0.4269	2.69187721734188e-06	2.24456552145295e-14	0.0698584270865148
chr1	165831617	165831962	Human_hyper_ND	Chimp-specific	346	5	-23.7745267948355	0.6511	0.2453	0.3822	0.2406	0.6515	0.0275	5.31465307637941e-08	3.93156416119185e-45	4.43660762491164e-28
chr8	120685929	120686251	Human_hyper_ND	Chimp-specific	323	5	-23.6525976124337	0.8455	0.1091	0.5288	0.1302	0.7816	0.1183	2.65829873888511e-10	0.000190318998024796	0.0482047364345691
chr2	66023283	66023885	Human_hyper_ND	Chimp-specific	603	4	-23.4992040157346	0.7633	0.3493	0.521	0.3895	0.8221	0.3495	2.36911509728578e-14	3.77856823490128e-24	0.583297830170561
chr6	51342495	51342831	Human_hyper_ND	Chimp-specific	337	5	-23.4360231383528	0.7144	0.5218	0.572	0.6476	0.8183	0.5169	7.96600158587581e-11	5.34541958241822e-32	0.0032089640947329
chr1	15175054	15175195	Human_hyper_ND	Chimp-specific	142	5	-23.2922062270456	0.9002	0.4559	0.7163	0.5518	0.9043	0.5673	9.18872823560006e-15	2.85414999579849e-06	0.0367390761090567
chr8	18798774	18799099	Human_hyper_ND	Chimp-specific	326	5	-22.9483951413544	0.8377	0.6579	0.5995	0.7044	0.9312	0.4243	2.62386786917103e-08	2.65721828429288e-37	1.05191005496852e-17
chr2	204223607	204224358	Human_hyper_ND	Chimp-specific	752	4	-22.8842594425386	0.6416	0.3263	0.3808	0.4147	0.8168	0.2114	6.91349872506573e-14	2.64250634102978e-43	4.30855397374095e-17
chr5	179770655	179771051	Human_hyper_ND	Chimp-specific	397	7	-22.841386018129	0.1565	0.0544	0.0269	0.0277	0.3338	0.1374	0.00142011801043896	1.97703728543172e-05	0.207412928183489
chr20	22539118	22539211	Human_hyper_ND	Chimp-specific	94	4	-22.6161206813489	0.756	0.4555	0.3634	0.4445	0.9548	0.807	2.44939643289319e-10	3.90521281291315e-05	0.309081819853595
chr10	19440890	19442063	Human_hyper_ND	Chimp-specific	1174	4	-22.5111619025718	0.9612	0.7731	0.6528	0.6052	0.9521	0.8003	1.89237088977624e-17	5.91429706418811e-12	0.0789730990231628
chr17	77328278	77328646	Human_hyper_ND	Chimp-specific	369	4	-22.2647630874997	0.6634	0.359	0.2311	0.4541	0.5628	0.1651	8.31123472228446e-18	1.10305229646484e-28	0.0281257695718977
chr8	56131624	56131999	Human_hyper_ND	Chimp-specific	376	4	-22.1588588887683	0.4338	0.0878	0.28	0.2212	0.4687	0.1216	4.32464735882479e-12	2.91391787686324e-11	0.275389497434995
chr3	81865816	81866183	Human_hyper_ND	Chimp-specific	368	5	-22.0637529525304	0.445	0.0911	0.1494	0.0966	0.6015	0.0188	3.67177819539971e-09	5.41648002608044e-31	5.10162697722873e-13
chr2	14264783	14265797	Human_hyper_ND	Chimp-specific	1015	4	-21.6842066368567	0.9155	0.5873	0.6336	0.4547	0.8906	0.5121	9.84303979852165e-08	7.71074021929385e-18	0.00608889377237942
chr12	42391880	42392384	Human_hyper_ND	Chimp-specific	505	5	-21.6632583079304	0.886	0.6204	0.7583	0.6292	0.9488	0.672	0.0007401336442432	5.81283805346754e-08	0.161654442711769
chr12	110759218	110759344	Human_hyper_ND	Chimp-specific	127	4	-21.6630952295889	0.6138	0.2203	0.3983	0.2935	0.7374	0.0843	9.9432304609705e-16	3.20977995072701e-39	9.29390009009583e-17
chr1	182250569	182250960	Human_hyper_ND	Chimp-specific	392	4	-21.5767542665351	0.694	0.1408	0.3057	0.1853	0.8379	0.1024	6.04586724927108e-08	1.2093869346383e-13	0.00243394023932254
chr2	164468623	164469015	Human_hyper_ND	Chimp-specific	393	6	-21.4153158937738	0.6125	0.2783	0.396	0.2611	0.6424	0.2771	1.59463355007542e-09	6.70195748716143e-13	0.270294540480186
chr5	4231082	4231281	Human_hyper_ND	Chimp-specific	200	5	-21.3992138761393	0.552	0.0233	0.2849	0.0513	0.4254	0.0178	8.3799582515076e-07	0.0192742975196692	0.102054639490446
chr4	140754074	140754768	Human_hyper_ND	Chimp-specific	695	6	-21.2413016109296	0.635	0.3048	0.4343	0.3628	0.7888	0.2752	3.70072887778489e-12	2.35042545873454e-27	2.31541410950941e-08
chr14	49216951	49217959	Human_hyper_ND	Chimp-specific	1009	4	-21.1380873896232	0.5294	0.2997	0.4077	0.3061	0.7935	0.318	0.000212998619910138	8.04245167725848e-21	1.83541104350875e-14
chr10	123954259	123954336	Human_hyper_ND	Chimp-specific	78	7	-21.0137060471294	0.7923	0.636	0.4164	0.4632	0.8336	0.6655	0.00028499459220668	4.72151725329107e-06	0.506016162490529
chr18	53145159	53145481	Human_hyper_ND	Chimp-specific	323	5	-20.830898394608	0.5371	0.0345	0.3705	0.1135	0.649	0.0605	2.37285874857159e-06	1.1774707623696e-06	0.271286840711373
chr22	18207806	18208235	Human_hyper_ND	Chimp-specific	430	4	-20.7328921171322	0.4722	0.2509	0.3049	0.2991	0.7246	0.2402	6.89644500104803e-15	4.29517168391479e-67	3.56966584515884e-20
chr18	76178821	76179136	Human_hyper_ND	Chimp-specific	316	5	-20.7129876034656	0.7829	0.4372	0.496	0.3458	0.823	0.3594	2.1889663954699e-07	1.5761870689332e-21	0.0064061576504955
chr19	7224527	7224684	Human_hyper_ND	Chimp-specific	158	4	-20.6688211382068	0.7625	0.0404	0.4316	0.0566	0.8704	0.01	1.88085540575408e-09	1.09913636279682e-25	7.58485957519217e-05
chr1	163535173	163535650	Human_hyper_ND	Chimp-specific	478	4	-20.2332879718805	0.8279	0.5794	0.5854	0.5664	0.9561	0.7322	1.40423545424495e-28	2.57269425709243e-26	0.428117370396771
chr14	73612266	73612540	Human_hyper_ND	Chimp-specific	275	4	-20.0996827867564	0.8689	0.6144	0.6491	0.7326	0.9457	0.7543	9.08547160120073e-13	3.90606007192124e-08	0.326584306506145
chr12	1162683	1163713	Human_hyper_ND	Chimp-specific	1031	5	-19.9994211031543	0.7552	0.3814	0.5793	0.5108	0.8993	0.5479	5.34897631044459e-12	1.74164906451997e-21	0.0370058013517216
chr15	33996543	33996840	Human_hyper_ND	Chimp-specific	298	4	-19.9701304519809	0.9178	0.5923	0.5971	0.5211	0.9007	0.2686	3.34672910092729e-10	1.63100239111377e-19	1.02033364307735e-12
chr7	97197020	97197259	Human_hyper_ND	Chimp-specific	240	4	-19.8782457019789	0.8401	0.5569	0.7099	0.6131	0.9166	0.7192	7.27933426510415e-10	4.2671309107363e-05	0.159113522718999
chr2	218221594	218221672	Human_hyper_ND	Chimp-specific	79	5	-19.8524682840288	0.5298	0.0648	0.414	0.1354	0.8767	0.2838	1.1341031155271e-06	8.06153349575635e-15	0.365266174146486
chr9	132695234	132695573	Human_hyper_ND	Chimp-specific	340	4	-19.7913253332114	0.89	0.7023	0.749	0.7882	0.9365	0.7239	3.86573142388735e-11	6.93938051419483e-09	0.118676016529052
chr11	82440445	82441231	Human_hyper_ND	Chimp-specific	787	4	-19.3721054953981	0.8683	0.2884	0.6458	0.394	0.9391	0.3299	2.44812862737725e-23	9.53017198733133e-36	0.0947161264360204
chr12	113682312	113682501	Human_hyper_ND	Chimp-specific	190	5	-19.3028921161675	0.7531	0.086	0.5484	0.162	0.695	0.0259	2.73885160092762e-07	2.508927053991e-08	0.264746669950013
chr16	24860346	24860569	Human_hyper_ND	Chimp-specific	224	4	-19.1807340562258	0.8628	0.4206	0.5364	0.322	0.8671	0.3283	4.30629729428132e-07	1.55580174086375e-09	0.119453871863038
chr14	21574593	21574766	Human_hyper_ND	Chimp-specific	174	4	-18.9920725004215	0.5147	0.2443	0.1722	0.1345	0.8586	0.581	2.26713964174134e-08	1.13695250611962e-08	0.36773928436611
chr14	23284438	23284702	Human_hyper_ND	Chimp-specific	265	5	-18.634400214609	0.8588	0.5891	0.6151	0.5749	0.772	0.5118	0.000102088025850518	0.000160173751550623	0.976914790861567
chr6	158938867	158939479	Human_hyper_ND	Chimp-specific	613	5	-18.4105089685879	0.6571	0.2736	0.3769	0.2932	0.735	0.3561	4.54617391750197e-13	1.19587409238157e-12	0.670671724713612
chr10	128596511	128596962	Human_hyper_ND	Chimp-specific	452	4	-18.1905050366203	0.8561	0.2974	0.5846	0.2757	0.8401	0.2416	1.63439689571369e-19	2.72810450340044e-22	0.145887216687693
chr14	23425318	23425428	Human_hyper_ND	Chimp-specific	111	5	-18.1738803667433	0.5663	0.2192	0.277	0.158	0.817	0.3672	7.2123378002443e-05	1.24714704104569e-15	0.042191988202756
chr11	98940713	98940857	Human_hyper_ND	Chimp-specific	145	4	-18.0704132518698	0.6178	0.016	0.287	0.0159	0.8069	0.0475	1.28235243149699e-10	1.67706904637305e-13	0.00490782908751034
chr2	225767809	225769727	Human_hyper_ND	Chimp-specific	1919	4	-17.8355510562893	0.8828	0.7391	0.7327	0.8141	0.9366	0.8243	1.9981887004618e-17	5.13381009676828e-13	0.609311637779735
chr14	61916003	61917144	Human_hyper_ND	Chimp-specific	1142	5	-17.8072844559735	0.9035	0.741	0.6352	0.6678	0.9389	0.5479	1.54923083201994e-05	8.8968814399581e-17	2.80686314521821e-10
chr4	102849628	102849982	Human_hyper_ND	Chimp-specific	355	4	-17.8047035489061	0.7189	0.154	0.3799	0.0955	0.8355	0.2916	4.28338878475705e-05	0.000340315549606431	0.509359532915271
chr17	7249511	7256006	Human_hyper_ND	Chimp-specific	6496	5	-17.7729780326827	0.843	0.6163	0.6607	0.6485	0.9156	0.7548	1.44634658416342e-25	5.11984251944089e-25	0.0115646641930151
chr9	91607073	91607128	Human_hyper_ND	Chimp-specific	56	4	-17.6884978640399	0.5958	0.328	0.4941	0.3967	0.754	0.4113	0.000315937574848502	2.53246838032002e-05	0.246090862986132
chr18	1710134	1710580	Human_hyper_ND	Chimp-specific	447	4	-17.5131676786687	0.8699	0.6035	0.7391	0.6519	0.8775	0.5879	3.83154482212941e-14	3.29713325479267e-14	0.389160644908567
chr12	128960897	128961010	Human_hyper_ND	Chimp-specific	114	4	-17.0595201847546	0.7632	0.2188	0.3568	0.1219	0.6565	0.126	1.50013919507931e-06	3.89528100532611e-05	0.89989919476039
chr14	55914035	55914242	Human_hyper_ND	Chimp-specific	208	4	-17.041924409503	0.8192	0.6939	0.6227	0.7111	0.8644	0.4918	1.36942308414067e-08	1.08198926697379e-34	1.00945995351891e-14
chr11	82442181	82442771	Human_hyper_ND	Chimp-specific	591	4	-16.6491586601259	0.7812	0.1022	0.5216	0.116	0.7377	0.0843	4.43423933079384e-09	6.14416682889605e-07	0.713346431845116
chr2	68880303	68880406	Human_hyper_ND	Chimp-specific	104	5	-16.5823673990681	0.8797	0.4172	0.7149	0.529	0.929	0.621	2.91739491742844e-07	0.00903335702210711	0.0127154502380386
chr9	100535824	100536215	Human_hyper_ND	Chimp-specific	392	4	-16.4594435241522	0.7912	0.2677	0.6023	0.3131	0.8162	0.296	2.93268074749204e-05	0.000335970905594418	0.874259979211849
chr15	89646228	89646531	Human_hyper_ND	Chimp-specific	304	4	-16.3624984240201	0.8461	0.6085	0.6763	0.7051	0.8666	0.7394	4.5108889862554e-09	1.48328388043248e-07	0.0289876106939415
chr18	3283588	3284522	Human_hyper_ND	Chimp-specific	935	4	-16.2151032921532	0.7572	0.287	0.4716	0.2231	0.8879	0.5665	3.85002603418292e-11	0.00020554382808212	0.00077903617057206
chr7	3334422	3334559	Human_hyper_ND	Chimp-specific	138	5	-16.0823020400544	0.5327	0.0867	0.3102	0.088	0.6227	0.0703	0.00154784756603326	1.14961433771785e-05	0.0755683932990511
chr13	81622181	81622369	Human_hyper_ND	Chimp-specific	189	4	-15.9868074942106	0.7944	0.0322	0.608	0.0511	0.8433	0	2.2711023183165e-07	9.50647251756091e-13	3.01183453379719e-05
chr6	26330797	26331057	Human_hyper_ND	Chimp-specific	261	4	-15.942222389401	0.2742	0.1191	0.141	0.1271	0.3597	0.1632	3.14928549529497e-07	1.8767487777073e-08	0.79709083966807
chr6	25369810	25370199	Human_hyper_ND	Chimp-specific	390	4	-15.891903475129	0.539	0.0774	0.2749	0.0601	0.763	0.3473	7.19825835370325e-09	0.0156209787438596	0.0200073979741462
chr6	144652561	144652776	Human_hyper_ND	Chimp-specific	216	4	-15.3443811574352	0.3031	0.1987	0.0744	0.1402	0.7372	0.1952	1.27625086019701e-06	2.78744341398271e-36	9.05193632926667e-22
chr1	211769277	211769573	Human_hyper_ND	Chimp-specific	297	4	-14.7142168672717	0.9114	0.7645	0.7238	0.7134	0.937	0.8318	0.00101658588441765	0.0251014495985848	0.340529220513159
chr6	143722633	143723025	Human_hyper_ND	Chimp-specific	393	4	-14.4556436509854	0.7878	0.6631	0.6804	0.6787	0.8382	0.7243	4.89836556525726e-05	8.23467861646032e-05	0.822105733754773
chr12	86267881	86268676	Human_hyper_ND	Chimp-specific	796	4	-14.4314061684219	0.7238	0.3326	0.5932	0.3901	0.7973	0.3069	9.20475171437617e-10	5.3164641546876e-15	0.000491567479174175
chr6	144652836	144652916	Human_hyper_ND	Chimp-specific	81	4	-14.2629271869275	0.2135	0.1081	0.0498	0.0958	0.6962	0.1093	0.000968965865892576	1.87182529422964e-30	4.30184780264077e-19
chr11	30657050	30657105	Human_hyper_ND	Chimp-specific	56	4	-14.2094709304625	0.416	0.0232	0.2432	0.0175	0.432	0.0041	0.00255289853107309	6.64272151666467e-06	0.310587155331941
chr3	36832342	36832777	Human_hyper_ND	Chimp-specific	436	4	-14.1392929817942	0.6653	0.3347	0.4122	0.3538	0.7202	0.1477	5.71131787558551e-12	7.91821033689185e-40	1.4855979884935e-08
chr20	20393765	20394015	Human_hyper_ND	Chimp-specific	251	4	-14.0863891420119	0.8297	0.6858	0.7017	0.6846	0.8623	0.6418	0.0028492296073543	2.25582781635683e-05	0.0135562166802459
chr19	40671481	40671628	Human_hyper_ND	Chimp-specific	148	4	-13.1677524360465	0.4946	0.1052	0.2646	0.0885	0.4842	0.0355	9.47602524822707e-06	5.98684076969755e-06	0.0142339182415459
