chr	str	end	type	specificity	length	nCG	areaStat	Human_ND	Human_OD	Chimp_ND	Chimp_OD	Macaq_ND	Macaq_OD	Bonferroni_interaction_HvsC	Bonferroni_interaction_MvsC	Bonferroni_interaction_MvsH
chr2	171670548	171671994	Human_hyper_OD	Human-specific	1447	22	170.507279803585	0.0989	0.5353	0.1037	0.1648	0.1329	0.2907	1.72222314854419e-56	1.63948730445472e-06	1.71499527536244e-34
chr10	71487512	71488061	Human_hyper_OD	Human-specific	550	9	103.604021124036	0.479	0.9118	0.6766	0.3946	0.6114	0.5413	6.48100636603565e-60	0.0124662172186389	1.87064044119855e-54
chr12	99725141	99726818	Human_hyper_OD	Human-specific	1678	12	89.3989182023662	0.39	0.7726	0.426	0.2936	0.47	0.5261	1.66390797005945e-59	1.82659907839084e-07	1.57392140468263e-37
chr12	114845446	114845920	Human_hyper_OD	Human-specific	475	15	86.249975793125	0.1064	0.5275	0.0752	0.1693	0.0542	0.0983	2.08110516884269e-22	7.67130300740075e-05	5.79789527957697e-65
chr16	64201563	64202168	Human_hyper_OD	Human-specific	606	13	82.2686739692826	0.18	0.7142	0.242	0.3568	0.3902	0.1418	1.13028107290036e-21	1.76824178170262e-19	1.71258255113962e-59
chr20	55499436	55499695	Human_hyper_OD	Human-specific	260	14	82.0316398645689	0.2286	0.7382	0.1549	0.34	0.2458	0.4774	3.48322536101421e-32	0.266690388569318	7.03153149329773e-18
chr20	55499807	55500103	Human_hyper_OD	Human-specific	297	17	80.3620498786067	0.1471	0.4097	0.1108	0.1388	0.1415	0.2463	4.18042840029549e-08	0.00897111971952867	0.000162777301005842
chr2	3199102	3199885	Human_hyper_OD	Human-specific	784	13	79.4389603818826	0.392	0.7949	0.4196	0.5455	0.2629	0.3747	8.38624165633696e-09	0.204643168968822	3.56514122455924e-32
chr7	22089488	22090003	Human_hyper_OD	Human-specific	516	10	75.0934203972871	0.3088	0.8284	0.3701	0.4461	0.255	0.0401	3.82187003186154e-20	1.17695683086186e-22	8.81764889976909e-151
chr4	152872110	152872782	Human_hyper_OD	Human-specific	673	11	72.8478815599195	0.2826	0.8262	0.3078	0.4867	0.3224	0.4599	3.36854380720495e-18	0.305205179644635	1.10387797458002e-38
chr4	130168119	130168585	Human_hyper_OD	Human-specific	467	9	71.8659980866135	0.5545	0.924	0.6385	0.5907	0.4823	0.561	4.17133689630877e-42	0.0352198163421686	5.84767078504492e-22
chr2	107504334	107504687	Human_hyper_OD	Human-specific	354	8	63.9855216584247	0.1964	0.6976	0.3306	0.4265	0.2796	0.5265	1.5398709518899e-34	2.81676008601655e-06	2.27382453379837e-18
chr13	112708783	112709201	Human_hyper_OD	Human-specific	419	10	63.3366484385061	0.2089	0.4383	0.1394	0.1209	0.156	0.19	5.59615659219465e-14	0.0360062483818622	5.65543696533426e-08
chr2	27195039	27196350	Human_hyper_OD	Human-specific	1312	11	63.0779528266681	0.1677	0.5504	0.1539	0.2255	0.2312	0.1324	1.00757121336203e-27	2.76285224038854e-12	1.14538232080848e-92
chr2	200851962	200853262	Human_hyper_OD	Human-specific	1301	9	61.1929728127227	0.4043	0.8008	0.427	0.4919	0.6127	0.5454	2.43190791800153e-39	1.16337588546061e-05	1.0650616333877e-51
chr11	107548653	107549602	Human_hyper_OD	Human-specific	950	9	60.513297194093	0.473	0.7291	0.606	0.4582	0.6221	0.3672	2.00234075058712e-10	0.00701136437869972	5.20164125825062e-18
chr16	87903673	87904058	Human_hyper_OD	Human-specific	386	12	60.2631720168213	0.5643	0.7833	0.3611	0.2952	0.441	0.3542	3.68224996601914e-15	0.283304202306907	2.86513287689774e-13
chr18	75347386	75348251	Human_hyper_OD	Human-specific	866	11	60.2008814725726	0.1492	0.3177	0.2007	0.1362	0.1688	0.1026	2.24430440429015e-16	0.868480318085863	3.57025486178594e-29
chr12	114842177	114842575	Human_hyper_OD	Human-specific	399	13	60.095185311349	0.0992	0.4897	0.069	0.1738	0.0591	0.1527	1.76308364689434e-21	0.22978009081652	8.63320172984185e-25
chr22	25456589	25457127	Human_hyper_OD	Human-specific	539	9	59.5747733906122	0.3767	0.869	0.1337	0.2247	0.167	0.2451	1.38055930090992e-27	0.879788724567111	5.39501035443812e-31
chr20	39340097	39340909	Human_hyper_OD	Human-specific	813	11	58.5958162824979	0.5242	0.7794	0.6453	0.6527	0.588	0.6836	1.5463218638912e-19	0.0499868286652735	9.40007616933631e-09
chr6	151897982	151898182	Human_hyper_OD	Human-specific	201	7	58.5928160359165	0.2169	0.6103	0.3113	0.2242	0.125	0.0834	1.1085115839685e-21	0.812368963999481	2.32077547057887e-31
chr4	17325115	17325989	Human_hyper_OD	Human-specific	875	11	58.263632263857	0.4459	0.7729	0.4891	0.5633	0.5846	0.406	2.06822765478564e-10	2.12414973959784e-08	1.64374468385071e-58
chr5	10583882	10584397	Human_hyper_OD	Human-specific	516	11	57.8291387025647	0.2969	0.7952	0.4313	0.5704	0.5334	0.389	8.73472906959329e-09	2.60728028149038e-07	3.90505545080238e-58
chr4	128553617	128553930	Human_hyper_OD	Human-specific	314	15	56.7110386031381	0.029	0.1372	0.0096	0.0129	0.0187	0.0188	1.28332385950816e-08	0.700250860673024	1.65176765232356e-10
chr4	99851198	99851346	Human_hyper_OD	Human-specific	149	7	56.1219285288392	0.2632	0.7793	0.0152	0.0341	0.239	0.3361	1.29716107891055e-16	0.241682602509905	8.95099754833524e-15
chr8	139613746	139614253	Human_hyper_OD	Human-specific	508	14	55.8469434005981	0.1961	0.361	0.2228	0.1105	0.2366	0.0916	4.59147315822747e-06	0.611869788767509	9.29019794195195e-16
chr13	50194322	50194488	Human_hyper_OD	Human-specific	167	9	55.7191722470443	0.2444	0.6869	0.2882	0.4284	0.0035	0.0044	4.0441993263464e-10	0.000221554472112305	1.51655357094641e-30
chr19	30067146	30067729	Human_hyper_OD	Human-specific	584	10	53.5453927204653	0.3311	0.5385	0.2686	0.1656	0.2284	0.2283	6.99796721327711e-11	0.0750841257174896	2.4105629548649e-12
chr1	14061809	14062178	Human_hyper_OD	Human-specific	370	8	53.4895712992135	0.4512	0.8333	0.5635	0.5313	0.6536	0.4227	7.18976107913912e-13	1.25987585066408e-05	5.97854787027018e-37
chr7	25893954	25894163	Human_hyper_OD	Human-specific	210	11	52.8346507984142	0.5635	0.8342	0.5625	0.5863	0.6638	0.4799	1.19048147976374e-06	0.000295727401735938	5.20416759706142e-27
chr3	173303813	173305238	Human_hyper_OD	Human-specific	1426	10	51.6943116392821	0.322	0.5144	0.3205	0.2299	0.3173	0.1821	1.41176948223533e-10	0.151607933743421	2.96344035780556e-19
chr8	49462961	49463393	Human_hyper_OD	Human-specific	433	6	51.5366429672211	0.5556	0.8326	0.4636	0.2736	0.338	0.1519	7.2338308251004e-15	0.535765449472326	8.21883212803023e-39
chr17	59369051	59369481	Human_hyper_OD	Human-specific	431	7	50.876860649596	0.3255	0.8823	0.3972	0.5317	0.2382	0.2761	1.77683368291804e-13	0.134576842895817	3.27973520268588e-41
chr9	1048732	1049087	Human_hyper_OD	Human-specific	356	12	50.5238021775617	0.1096	0.3926	0.076	0.1278	0.0795	0.1284	5.69401652642869e-12	0.846774980549398	2.91938284197711e-13
chr6	139429097	139429767	Human_hyper_OD	Human-specific	671	6	50.1005230615722	0.5242	0.9246	0.7449	0.6916	0.481	0.4171	2.88473584701009e-37	0.504927810990533	6.44288106027978e-33
chr4	186659228	186659846	Human_hyper_OD	Human-specific	619	11	49.5137629925632	0.2692	0.6684	0.3578	0.5422	0.2323	0.2161	8.14426574639602e-07	2.13938786983378e-12	1.31216094183378e-47
chr14	49413249	49414321	Human_hyper_OD	Human-specific	1073	8	49.4023962887797	0.4026	0.8577	0.4926	0.6528	0.5711	0.4606	9.74708262700018e-16	2.34295718322136e-11	3.57058611065027e-60
chr2	39898568	39899618	Human_hyper_OD	Human-specific	1051	8	49.0957970251549	0.2931	0.7149	0.259	0.3191	0.3585	0.354	5.77568967963837e-15	0.080733861939772	1.62123901120462e-32
chr15	26911548	26911851	Human_hyper_OD	Human-specific	304	8	48.7493438357288	0.5167	0.7714	0.6256	0.406	0.3501	0.2865	5.07259600485045e-16	0.0273234181643956	1.13901457048297e-07
chr20	2258574	2259193	Human_hyper_OD	Human-specific	620	6	48.6931778108581	0.4723	0.8211	0.694	0.5534	0.5575	0.5269	2.68565664767472e-33	0.048559540843718	2.37133970434431e-25
chr5	98111441	98112252	Human_hyper_OD	Human-specific	812	9	47.8658953944452	0.2159	0.5113	0.1531	0.1463	0.2195	0.3166	5.67275513503283e-08	0.0436601342637361	1.01150245378767e-08
chr5	9713196	9713553	Human_hyper_OD	Human-specific	358	7	47.8610938390094	0.1579	0.413	0.1467	0.1275	0.3049	0.0564	1.7087547779478e-15	1.21336345729644e-11	8.82309692180349e-58
chr22	40322374	40322791	Human_hyper_OD	Human-specific	418	9	46.9399005940783	0.27	0.8643	0.3655	0.6537	0.3013	0.7242	2.26068763617688e-11	0.0557141851322395	6.33312568658665e-05
chr12	5066660	5067101	Human_hyper_OD	Human-specific	442	7	46.8148563816783	0.6569	0.9253	0.5712	0.5536	0.4549	0.6288	4.10128422850281e-17	0.000171753568832184	4.03499881194533e-05
chr11	126763345	126763662	Human_hyper_OD	Human-specific	318	9	46.3687338432853	0.6206	0.8269	0.6867	0.5357	0.6855	0.523	9.29685794051642e-10	0.753673004217111	8.4108789440703e-20
chr16	87901201	87901867	Human_hyper_OD	Human-specific	667	9	45.5841029126126	0.2814	0.8464	0.2412	0.5889	0.277	0.6503	1.14144672298155e-06	0.588097110368334	7.16595085375634e-07
chr3	113321792	113321989	Human_hyper_OD	Human-specific	198	8	45.2605302893007	0.4474	0.9283	0.3951	0.5868	0.4964	0.4411	7.04358578345675e-10	0.000302771874217447	9.82686191688884e-49
chr5	132362900	132363110	Human_hyper_OD	Human-specific	211	9	44.890505543361	0.5191	0.7322	0.529	0.4001	0.1163	0.1151	1.02625661685708e-08	0.0678225821293452	7.60085672969207e-06
chr15	42156791	42157452	Human_hyper_OD	Human-specific	662	10	44.6763386518829	0.5712	0.9541	0.4662	0.7426	0.4883	0.6987	1.06635344955323e-05	0.269352887866761	7.18175688562563e-12
chr19	41832749	41833252	Human_hyper_OD	Human-specific	504	10	44.3772428331154	0.2654	0.7036	0.2646	0.3379	0.2073	0.4077	4.03424048468618e-09	0.136978182792224	1.47658331321147e-06
chr1	5281525	5282182	Human_hyper_OD	Human-specific	658	8	44.2821531224759	0.468	0.8922	0.4233	0.4529	0.5587	0.5412	3.8570269689662e-17	0.226831201859051	1.97369655050619e-47
chr2	200296506	200296861	Human_hyper_OD	Human-specific	356	8	44.2346069593763	0.4722	0.8186	0.4453	0.5235	0.4308	0.6357	7.86279077886568e-11	0.0207982917388379	0.000170059408369873
chr21	44104913	44105208	Human_hyper_OD	Human-specific	296	6	44.031263914403	0.2421	0.9027	0.2872	0.3821	0.232	0.4113	6.74422980396166e-17	0.106416405021571	7.60758879148121e-19
chr3	160626914	160627578	Human_hyper_OD	Human-specific	665	6	44.0271496043215	0.4398	0.6794	0.4945	0.4018	0.5521	0.451	1.82309275482524e-13	0.763231010173749	6.91636889302482e-27
chr6	88871103	88873114	Human_hyper_OD	Human-specific	2012	6	44.0084328567787	0.4201	0.8598	0.427	0.5172	0.5486	0.661	1.74502409119079e-36	0.722557494516473	2.81350482717627e-35
chr13	108490122	108490572	Human_hyper_OD	Human-specific	451	8	43.8419085089652	0.3804	0.6311	0.3982	0.3246	0.3256	0.3931	8.06208430415916e-13	0.000258887542932475	1.04692101864315e-05
chr4	113683734	113683961	Human_hyper_OD	Human-specific	228	10	43.6454762131271	0.4587	0.7037	0.5402	0.4932	0.4019	0.4204	1.33000089487607e-11	0.0472828386119434	5.18118322588751e-09
chr13	111923329	111924027	Human_hyper_OD	Human-specific	699	8	43.6357838169778	0.5207	0.8462	0.6207	0.6287	0.555	0.6529	2.17316172843978e-13	0.231236735752936	9.97523093627438e-17
chr11	20692605	20692906	Human_hyper_OD	Human-specific	302	10	43.1783038184105	0.0879	0.278	0.144	0.1412	0.1603	0.0996	5.41002199253779e-08	0.190203325094441	1.17306004141001e-13
chr3	74570161	74570682	Human_hyper_OD	Human-specific	522	5	42.3298369077934	0.4756	0.7217	0.537	0.485	0.6152	0.393	3.27460097590311e-19	0.000535240005341479	1.05698805083182e-38
chr8	136827143	136827627	Human_hyper_OD	Human-specific	485	5	42.1008641584167	0.1434	0.4096	0.2284	0.1054	0.0135	0.0216	1.65180545559388e-22	0.00101377370304959	3.8689695261266e-15
chr5	88610981	88611270	Human_hyper_OD	Human-specific	290	7	41.843005464767	0.385	0.7792	0.3922	0.4659	0.4459	0.1613	4.72963959874509e-09	1.56904879813299e-12	6.33081310892794e-140
chr13	33712445	33712774	Human_hyper_OD	Human-specific	330	6	41.6280494222194	0.1389	0.8993	0.1868	0.614	0.2405	0.5376	2.24825022145615e-14	0.00314427648208016	9.81146056689627e-40
chr15	29968939	29969516	Human_hyper_OD	Human-specific	578	7	41.5846395111543	0.1995	0.8494	0.2497	0.4551	0.5292	0.262	2.38810805915651e-29	1.28298786245685e-22	1.1374780612589e-134
chr2	204194604	204194864	Human_hyper_OD	Human-specific	261	8	41.5519036105791	0.2497	0.7383	0.0394	0.2037	0.0229	0.1521	1.78364100854275e-08	0.375439833000347	1.9264814258836e-11
chr8	10269405	10269872	Human_hyper_OD	Human-specific	468	6	41.3839951862834	0.6882	0.9587	0.5783	0.6815	0.6265	0.6914	1.85817150382917e-26	0.197234568243695	2.38880624985563e-45
chr16	62332180	62332430	Human_hyper_OD	Human-specific	251	6	41.3329147809225	0.4784	0.7232	0.5007	0.3625	0.1583	0.1025	6.04561399245836e-16	0.883959483199243	1.70119909392806e-18
chr5	43034610	43034966	Human_hyper_OD	Human-specific	357	8	41.0897092319831	0.3605	0.6791	0.4906	0.489	0.0949	0.104	2.53893212966701e-16	0.459658991430882	4.88004252785918e-24
chr15	29586702	29587141	Human_hyper_OD	Human-specific	440	5	41.0823161071056	0.6066	0.8154	0.6372	0.5688	0.6742	0.5942	4.32948151457052e-10	0.870663612029816	2.2424547564115e-15
chr9	1049175	1049447	Human_hyper_OD	Human-specific	273	8	40.8225712236568	0.1355	0.4555	0.1008	0.1694	0.0603	0.0916	1.21409069456522e-16	0.00207399602611861	5.1885639778723e-22
chr10	3235411	3235504	Human_hyper_OD	Human-specific	94	7	40.7304488916472	0.0388	0.4146	0.0154	0.0433	0.0729	0.1033	1.30091743241407e-17	0.807096669718836	3.53911108537797e-23
chr9	1053757	1054148	Human_hyper_OD	Human-specific	392	8	40.6983240262824	0.1399	0.4485	0.0867	0.1089	0.1321	0.1252	1.75087835382772e-14	0.0971230480885862	5.3330227348433e-15
chr15	50977568	50977632	Human_hyper_OD	Human-specific	65	7	40.5314964181469	0.4186	0.6674	0.5217	0.4512	0.1544	0.134	2.41914950624841e-08	0.639761172494208	6.52453034698831e-09
chr5	7505615	7505967	Human_hyper_OD	Human-specific	353	7	40.5211207998007	0.1741	0.6877	0.2774	0.4252	0.1645	0.3128	5.1946701014666e-20	0.517322274453988	1.61897646368313e-18
chr5	131008450	131008735	Human_hyper_OD	Human-specific	286	6	40.2120008461836	0.3892	0.7685	0.3469	0.2848	0.3071	0.4609	1.95630158370426e-15	0.00052017909153155	1.1357392166312e-14
chr9	1046631	1046785	Human_hyper_OD	Human-specific	155	10	40.0597511471641	0.1165	0.3691	0.0952	0.1013	0.0647	0.0904	1.24891875796914e-23	0.0866163754737473	3.38653468039495e-16
chr15	29640423	29640881	Human_hyper_OD	Human-specific	459	6	39.5419763128644	0.3205	0.7726	0.3554	0.3853	0.0892	0.046	8.1176701707011e-13	0.0400798661579534	5.08593981568247e-51
chr17	79317531	79317638	Human_hyper_OD	Human-specific	108	9	39.3869534422139	0.0348	0.286	0.0138	0.0642	0.0397	0.0467	3.80522749517866e-08	0.0758938914908764	2.9565215797061e-12
chr7	130699365	130699732	Human_hyper_OD	Human-specific	368	5	39.1893824540715	0.309	0.9128	0.4862	0.5482	0.5756	0.3543	5.65173173738746e-29	1.81577380866592e-09	2.8244412337614e-80
chr8	20130849	20131054	Human_hyper_OD	Human-specific	206	6	39.0299260772875	0.48	0.8189	0.4534	0.3286	0.2933	0.4036	2.26478426642512e-16	7.01074764810221e-06	6.92920962420839e-08
chr20	60261148	60261416	Human_hyper_OD	Human-specific	269	5	38.789584465453	0.4944	0.8257	0.516	0.349	0.5553	0.3494	1.85025876754151e-15	0.352550043775087	7.65681945141166e-28
chr7	39501912	39502180	Human_hyper_OD	Human-specific	269	5	38.3436016549915	0.59	0.8986	0.7714	0.6795	0.738	0.5515	1.42674010517624e-27	0.00725545443195432	4.84190517701518e-49
chr9	1048417	1048649	Human_hyper_OD	Human-specific	233	8	38.1105410031514	0.1131	0.3426	0.0616	0.0615	0.0463	0.0984	2.87384128028394e-15	0.0166939362975156	2.38416070388459e-09
chr2	7518620	7518881	Human_hyper_OD	Human-specific	262	9	38.0791718521791	0.3639	0.8902	0.4352	0.7055	0.4067	0.6644	3.38211504831876e-05	0.742880084851726	2.79416358900137e-16
chr4	33660247	33661086	Human_hyper_OD	Human-specific	840	6	37.8857567469074	0.4524	0.7786	0.4915	0.4446	0.3308	0.234	9.89419414713591e-22	0.243715390011328	3.73479774385109e-26
chr11	17861285	17862022	Human_hyper_OD	Human-specific	738	4	37.8214632659892	0.3282	0.7382	0.3719	0.1418	0.3562	0.3622	5.27571816767729e-35	4.41223625172593e-08	9.73285993800222e-24
chr16	83566116	83566471	Human_hyper_OD	Human-specific	356	5	37.7695896325695	0.4031	0.7581	0.3389	0.1398	0.2071	0.178	2.42495111744025e-22	0.00357757662434977	6.12343773984141e-13
chr6	157208945	157209661	Human_hyper_OD	Human-specific	717	7	37.5047081330117	0.3887	0.5998	0.4557	0.409	0.1944	0.1578	1.27516389290067e-16	0.96959140455103	8.19057232316693e-18
chr6	123111508	123111930	Human_hyper_OD	Human-specific	423	8	37.5043881505101	0.2338	0.4095	0.3066	0.2382	0.2677	0.3172	1.48177537650158e-05	0.10060288583123	0.00114194416298656
chr22	44916300	44916653	Human_hyper_OD	Human-specific	354	6	37.4639482613732	0.336	0.7585	0.3517	0.4059	0.366	0.5798	3.66505468053767e-09	0.0477218052313918	2.16725081438503e-06
chr10	28127229	28127802	Human_hyper_OD	Human-specific	574	7	37.0501805200715	0.3409	0.593	0.2521	0.2536	0.1699	0.1769	1.10866718051626e-10	0.979693711137454	2.41279586463261e-23
chr12	113297559	113298427	Human_hyper_OD	Human-specific	869	6	36.7712435611617	0.4828	0.8044	0.5893	0.5716	0.6298	0.6196	1.16269752246869e-25	0.836448555644285	3.97950078079538e-31
chr1	26012876	26013074	Human_hyper_OD	Human-specific	199	7	36.5623788821753	0.4354	0.739	0.4465	0.4179	0.5307	0.2686	1.76916675799755e-07	0.000516090100513691	1.43304577313757e-19
chr5	121518089	121518975	Human_hyper_OD	Human-specific	887	7	36.4928011787098	0.2665	0.6954	0.3532	0.3565	0.2623	0.2281	1.94029724684635e-10	0.384796266091502	2.67683630111295e-23
chr14	91833410	91833642	Human_hyper_OD	Human-specific	233	7	36.445892732673	0.4397	0.7077	0.5115	0.427	0.4864	0.4136	1.46171395033085e-05	0.979821744288765	3.50844821851291e-10
chr10	125019482	125019947	Human_hyper_OD	Human-specific	466	9	36.3656125278819	0.4356	0.9168	0.5061	0.7775	0.6182	0.5964	5.36211111922381e-06	1.39089399911479e-09	2.21031435816712e-55
chr12	99397869	99399447	Human_hyper_OD	Human-specific	1579	12	36.1740642359197	0.4636	0.6176	0.3477	0.3426	0.333	0.1989	0.00654593648632501	1.50894821433897e-10	2.69084286361813e-19
chr2	3776095	3776364	Human_hyper_OD	Human-specific	270	4	35.8022731568509	0.1063	0.7561	0.0746	0.1174	0.2105	0.3612	5.36516697271326e-40	0.520880593849519	4.04281975132232e-33
chr21	33247923	33248107	Human_hyper_OD	Human-specific	185	10	35.4435948739551	0.0878	0.4818	0.0974	0.3018	0.0708	0.0393	0.013555486543718	4.81978450905153e-07	3.47125790167686e-14
chr13	46426026	46426375	Human_hyper_OD	Human-specific	350	8	35.1991627066759	0.0503	0.4841	0.0359	0.1741	0.014	0.1298	6.53410222342449e-09	0.847288076745245	5.8674395272875e-12
chr22	34434884	34435203	Human_hyper_OD	Human-specific	320	7	35.1169143973751	0.4044	0.7134	0.454	0.459	0.299	0.393	2.73216871994957e-08	0.106919852743031	5.38134380275051e-07
chr3	11746183	11746322	Human_hyper_OD	Human-specific	140	8	35.0541755681923	0.2689	0.8678	0.3834	0.7232	0.3879	0.5729	1.38340263791037e-07	0.00187068477030342	1.76092588196531e-15
chr11	22361707	22362209	Human_hyper_OD	Human-specific	503	9	34.9277711308335	0.2624	0.4872	0.3857	0.3753	0.2877	0.3435	8.48140948318573e-10	0.0776509500547235	2.0713188890654e-06
chr14	89256946	89257861	Human_hyper_OD	Human-specific	916	7	34.5897758097476	0.4253	0.7085	0.5121	0.5089	0.4107	0.6044	2.60222012432442e-11	8.59549008907372e-05	4.16772587281046e-05
chr6	13015692	13016135	Human_hyper_OD	Human-specific	444	7	34.4922373430407	0.3699	0.6865	0.39	0.4253	0.4547	0.4431	1.01142287081384e-06	0.160021334136569	2.35009055450317e-19
chr13	111538511	111538846	Human_hyper_OD	Human-specific	336	5	34.4065798781333	0.5893	0.7973	0.3581	0.2753	0.1972	0.0133	1.31766660607863e-11	2.99899802545635e-07	9.49791490961858e-40
chr13	44733120	44733395	Human_hyper_OD	Human-specific	276	9	34.094945812925	0.5498	0.9327	0.5341	0.7208	0.4967	0.666	1.1681068634237e-08	0.553030172112305	2.2474586767343e-14
chr2	56493590	56494699	Human_hyper_OD	Human-specific	1110	6	34.0926679373881	0.3703	0.8624	0.5426	0.7101	0.4722	0.5715	6.47601622570671e-27	0.0778557376592098	1.89404612636897e-38
chr8	81525491	81525547	Human_hyper_OD	Human-specific	57	5	33.9124177443639	0.2338	0.6826	0.162	0.187	0.0282	0.0783	1.01901739817517e-17	0.37342279964334	5.1653280757233e-17
chr2	171574180	171574448	Human_hyper_OD	Human-specific	269	5	33.8635968584121	0.3909	0.6905	0.345	0.3026	0.3466	0.4369	4.13830197817094e-11	0.0350697408572061	9.08041260308323e-05
chr8	102772417	102772842	Human_hyper_OD	Human-specific	426	8	33.6992001294763	0.4982	0.7245	0.5817	0.5286	0.3161	0.268	9.86717872484855e-09	0.792090124172218	3.84506766328115e-13
chr21	17911425	17911688	Human_hyper_OD	Human-specific	264	7	33.5091291680603	0.5353	0.8897	0.5284	0.6172	0.5829	0.7039	2.25015555078117e-13	0.697533744710475	3.08689136840065e-16
chr10	75864130	75864580	Human_hyper_OD	Human-specific	451	6	33.3765980986888	0.4061	0.8439	0.3661	0.5451	0.3251	0.5738	3.41476194278756e-08	0.0996326318394901	2.32726994014634e-06
chr4	47035437	47035796	Human_hyper_OD	Human-specific	360	6	33.3727399009287	0.2629	0.5735	0.2386	0.1879	0.2409	0.3535	3.12864260884222e-11	0.00288631837243972	0.000102541618684147
chr10	128004262	128004492	Human_hyper_OD	Human-specific	231	6	33.1656652251819	0.6991	0.9021	0.6477	0.6007	0.7402	0.6997	1.28007802918484e-16	0.623754041237121	1.57575048201689e-15
chr3	197686318	197686651	Human_hyper_OD	Human-specific	334	7	32.7223908268052	0.1796	0.451	0.0779	0.0909	0.0339	0.0509	5.87632073780326e-11	0.24036702092286	2.75581569744921e-09
chr2	222322632	222323865	Human_hyper_OD	Human-specific	1234	6	32.1285321558751	0.667	0.8928	0.7681	0.6813	0.7254	0.6482	5.38022191375654e-33	0.549720237568033	2.28727657329092e-43
chr16	81038728	81038886	Human_hyper_OD	Human-specific	159	8	31.8424305439518	0.2133	0.5827	0.1146	0.2114	0.0996	0.2015	4.25609254415935e-05	0.582591591593785	3.62127261509882e-05
chr15	63673248	63673420	Human_hyper_OD	Human-specific	173	8	31.7871404804566	0.0878	0.2796	0.074	0.0351	0.1093	0.0612	3.73912759329528e-07	0.804340441563587	5.67889096221154e-10
chr7	3901643	3902030	Human_hyper_OD	Human-specific	388	6	31.7345250574437	0.432	0.7381	0.3916	0.414	0.2351	0.1836	3.99211361744651e-13	0.0228627468910431	6.74990858401131e-24
chr6	3032270	3032669	Human_hyper_OD	Human-specific	400	6	31.7201450273958	0.5457	0.881	0.2868	0.3178	0.4026	0.3699	6.28350238771479e-10	0.375810184168764	2.91365850953364e-21
chr13	26068506	26069012	Human_hyper_OD	Human-specific	507	7	31.6947673361282	0.3447	0.6624	0.4457	0.5191	0.4033	0.4904	2.12963087259255e-08	0.761068784009666	1.18828633087781e-13
chr9	74060816	74061191	Human_hyper_OD	Human-specific	376	5	31.6593205977071	0.192	0.471	0.0801	0.0409	0.0487	0.0259	2.32212324215894e-25	0.709106750520245	4.70172566999855e-36
chr17	40138105	40138395	Human_hyper_OD	Human-specific	291	7	31.5255628797986	0.5096	0.9247	0.6557	0.7985	0.5747	0.6869	1.28251374518673e-14	0.236487987424583	3.46135035835703e-22
chr9	1052762	1053671	Human_hyper_OD	Human-specific	910	6	31.3765834587393	0.1128	0.3552	0.1063	0.1036	0.0647	0.0578	8.77299831005796e-15	0.106233831125433	6.03722744019994e-35
chr2	222290662	222291109	Human_hyper_OD	Human-specific	448	6	31.3156405983436	0.3485	0.8884	0.4034	0.6337	0.409	0.6125	1.28588998854349e-07	0.663044148318881	2.60850259990198e-16
chr12	15551161	15551584	Human_hyper_OD	Human-specific	424	6	31.3147411733716	0.3143	0.7202	0.3571	0.5566	0.3036	0.0517	2.7636270940446e-10	2.72652524688261e-52	1.57168881158539e-110
chr15	70325673	70325780	Human_hyper_OD	Human-specific	108	7	31.2841263013311	0.3745	0.7028	0.4705	0.4468	0.1638	0.1797	2.209621866545e-07	0.661758744253534	7.70689011403478e-14
chr1	60518027	60518785	Human_hyper_OD	Human-specific	759	7	31.1956719910852	0.3278	0.5727	0.4175	0.4433	0.2182	0.1818	1.95211043581652e-05	0.325083416937333	1.38894033536407e-10
chr2	187603107	187604628	Human_hyper_OD	Human-specific	1522	5	31.1858077502152	0.5416	0.9078	0.7261	0.7849	0.7968	0.8302	5.27412258903221e-18	0.638127480482916	2.27234835653719e-25
chr13	111941676	111942825	Human_hyper_OD	Human-specific	1150	8	31.1787313202177	0.5482	0.883	0.6335	0.698	0.5428	0.4041	1.22476300558435e-11	1.17867775488166e-05	2.76590406403721e-34
chr15	30230782	30231067	Human_hyper_OD	Human-specific	286	4	31.1178845826359	0.59	0.8364	0.422	0.2404	0.4135	0.3397	3.97798338604304e-11	0.191615000815862	7.86506200651832e-10
chr1	85068325	85070325	Human_hyper_OD	Human-specific	2001	8	31.08650553417	0.621	0.7967	0.2754	0.2193	0.3852	0.3588	6.7791404944957e-10	0.871337737172763	5.21523536622302e-13
chr18	4352905	4353302	Human_hyper_OD	Human-specific	398	7	30.9266025750819	0.4076	0.6274	0.3677	0.3464	0.4202	0.3163	2.53099233905534e-08	0.259147901315492	6.54158946882096e-23
chr7	69597213	69597447	Human_hyper_OD	Human-specific	235	6	30.8629239065154	0.4586	0.7311	0.2933	0.2012	0.4735	0.337	3.7131583093563e-09	0.812770568199116	5.28580624155345e-12
chr20	8287399	8287868	Human_hyper_OD	Human-specific	470	6	30.6623442459702	0.2984	0.7669	0.3285	0.5334	0.4818	0.4754	2.32959469302622e-10	1.67112353674308e-07	3.8541263609442e-37
chr3	15978049	15978235	Human_hyper_OD	Human-specific	187	6	30.5879813566487	0.1416	0.8348	0.1032	0.4546	0.1348	0.3351	8.22020858966492e-11	0.000242073706933312	2.42154143072348e-32
chr3	124103021	124104055	Human_hyper_OD	Human-specific	1035	5	30.3278903738652	0.2143	0.6511	0.165	0.3588	0.1151	0.318	2.13449341610128e-06	0.755900643911565	3.93650395388522e-08
chr16	13910969	13911543	Human_hyper_OD	Human-specific	575	5	30.3149757086422	0.3621	0.7853	0.3976	0.4075	0.3433	0.3142	3.53742315395538e-20	0.278748466631362	2.89571813908185e-43
chr10	65302753	65304634	Human_hyper_OD	Human-specific	1882	8	29.9494499111537	0.5844	0.8022	0.64	0.6302	0.5956	0.4878	3.85044154069016e-11	0.000126492473967919	4.2809617988192e-78
chr7	110733208	110734037	Human_hyper_OD	Human-specific	830	7	29.863077231288	0.1111	0.5502	0.0712	0.2346	0.0524	0.0622	5.95984993170491e-05	4.08930110165336e-09	9.85028150716586e-24
chr20	60963814	60964538	Human_hyper_OD	Human-specific	725	6	29.5674802173442	0.3935	0.8293	0.5621	0.6247	0.5926	0.7057	5.09378386316733e-23	0.374135518922808	1.06929893886364e-27
chr9	37652014	37652122	Human_hyper_OD	Human-specific	109	5	29.5666048756018	0.1658	0.8048	0.2354	0.5459	0.1643	0.6247	2.69481621308784e-16	7.49944657075742e-05	7.02376431946683e-07
chr20	51365169	51365660	Human_hyper_OD	Human-specific	492	7	29.55768624313	0.3167	0.568	0.3194	0.3278	0.3675	0.4259	4.06274446190202e-07	0.273699260458743	3.57590600846654e-05
chr13	88327174	88327845	Human_hyper_OD	Human-specific	672	5	29.5398759360753	0.2748	0.6406	0.239	0.3092	0.1553	0.2023	7.50823373822132e-07	0.487841035677848	1.5722923714763e-09
chr1	36182797	36183586	Human_hyper_OD	Human-specific	790	7	29.3256606798403	0.0592	0.6204	0.0143	0.2316	0.0951	0.4253	9.61922277212439e-08	0.649662382135046	6.2851593987036e-11
chr4	3239480	3239722	Human_hyper_OD	Human-specific	243	7	29.3073181683544	0.2711	0.8031	0.4371	0.6429	0.0772	0.3114	9.09901360125178e-12	0.189706738802713	3.32761914621981e-09
chr16	75183231	75183374	Human_hyper_OD	Human-specific	144	7	29.0958814935331	0.0365	0.3885	0.0255	0.1055	0.0243	0.0489	5.29561659015813e-16	0.00130694461822822	1.38504461578424e-33
chr8	6620847	6621274	Human_hyper_OD	Human-specific	428	5	28.9845952061857	0.5251	0.7568	0.6383	0.58	0.6434	0.4314	2.33717230873263e-10	0.00438066758211511	1.27422829015066e-17
chr5	113739169	113739817	Human_hyper_OD	Human-specific	649	7	28.7315051247571	0.3197	0.7134	0.2973	0.493	0.4076	0.2558	5.79218420455774e-10	4.75137513521342e-14	9.27493457329384e-40
chr1	38510105	38510182	Human_hyper_OD	Human-specific	78	8	28.6258886348426	0.0764	0.337	0.1318	0.1808	0.1121	0.2368	4.51171820046454e-06	0.112695716177365	6.32804738054718e-05
chr3	107647300	107647487	Human_hyper_OD	Human-specific	188	6	28.5731111443827	0.2066	0.7293	0.1455	0.3663	0.1134	0.3027	1.26566980716944e-07	0.0899480651269439	5.46455747193952e-17
chr1	47070278	47070665	Human_hyper_OD	Human-specific	388	4	28.3339884506486	0.4578	0.6971	0.2502	0.1239	0.3137	0.1407	1.95514116758911e-24	0.760843052748706	1.29222340489566e-24
chr4	184908180	184908404	Human_hyper_OD	Human-specific	225	9	28.1812469495439	0.1523	0.7293	0.0906	0.4638	0.0937	0.3186	5.53925813549943e-07	0.00377975912855939	1.25772571243999e-16
chr19	39831555	39831748	Human_hyper_OD	Human-specific	194	5	27.9614325591583	0.1341	0.5374	0.0102	0.0549	0.2013	0.1586	7.17105962403827e-17	3.97341755039214e-06	1.02336224888767e-45
chr4	151045396	151046259	Human_hyper_OD	Human-specific	864	5	27.71777162895	0.2134	0.6346	0.2978	0.3407	0.3474	0.4606	5.61950443604863e-33	0.0968487838432463	7.73984859364032e-26
chr8	64883803	64884433	Human_hyper_OD	Human-specific	631	7	27.706411640867	0.4772	0.6686	0.5519	0.5589	0.5066	0.3651	0.000313677292722741	2.86406810176693e-07	1.55714663462609e-24
chr14	91130169	91130522	Human_hyper_OD	Human-specific	354	5	27.4148120767883	0.2837	0.5607	0.1243	0.0914	0.1094	0.1673	4.14183126670783e-07	0.13431731815945	3.925482641939e-07
chr3	18397179	18397804	Human_hyper_OD	Human-specific	626	5	27.2776622842589	0.5344	0.8255	0.4403	0.4707	0.5753	0.4336	7.74400065610464e-08	0.000581359356514535	4.73493222900294e-28
chr8	35398609	35398800	Human_hyper_OD	Human-specific	192	6	27.0632635517075	0.5203	0.9037	0.6347	0.7756	0.4312	0.3451	5.29943980006337e-09	9.93642674926644e-08	3.01455692656857e-35
chr4	99851003	99851115	Human_hyper_OD	Human-specific	113	7	26.9714423995987	0.0646	0.2576	0.0038	0.0036	0.0164	0.0408	4.77876279594747e-09	0.0466030951328477	1.03224350314731e-05
chr13	114107411	114108317	Human_hyper_OD	Human-specific	907	6	26.919796654074	0.3953	0.7017	0.5049	0.5867	0.5731	0.3262	1.65153484080499e-05	1.27004988917609e-12	5.08632402801767e-41
chr2	12249743	12250443	Human_hyper_OD	Human-specific	701	5	26.7880817302467	0.4379	0.59	0.4305	0.3209	0.4644	0.427	2.14466148740867e-11	0.0106959578218385	6.9947416155351e-09
chr18	20668215	20668496	Human_hyper_OD	Human-specific	282	5	26.6706231409805	0.4527	0.8632	0.3151	0.406	0.4467	0.0405	2.5584507036998e-09	6.64940049225168e-24	3.61184777753942e-73
chr1	37050173	37050229	Human_hyper_OD	Human-specific	57	5	26.5453353172685	0.1972	0.6143	0.2291	0.2886	0.0411	0.0177	2.05837690999042e-06	0.0120191251539514	4.07709096175218e-15
chr8	18613341	18613609	Human_hyper_OD	Human-specific	269	7	26.5278599487708	0.3561	0.8391	0.4058	0.6719	0.1384	0.0791	0.000487864414478044	9.56467860198254e-08	7.0203672828139e-29
chr2	180420796	180421332	Human_hyper_OD	Human-specific	537	6	26.4825448871193	0.4551	0.8485	0.5543	0.7285	0.5384	0.4968	1.3967920917814e-06	4.74519622924416e-07	6.20531928189553e-29
chr3	143316491	143316827	Human_hyper_OD	Human-specific	337	5	26.1228436938436	0.2873	0.8898	0.3141	0.6333	0.0902	0.1499	6.17010396027001e-16	7.99803431952654e-06	1.44120004787533e-33
chr16	49735575	49736140	Human_hyper_OD	Human-specific	566	5	26.0594333379885	0.4253	0.7867	0.5557	0.6052	0.3668	0.4976	1.06949158952701e-08	0.26727357524692	1.4043083842093e-06
chr6	107281296	107281608	Human_hyper_OD	Human-specific	313	4	26.0590911689895	0.3737	0.8719	0.257	0.3938	0.482	0.6217	7.70371799301499e-13	0.888815134410044	1.27613140779829e-19
chr18	70208700	70208896	Human_hyper_OD	Human-specific	197	6	26.038938225457	0.2712	0.6114	0.3113	0.3668	0.2036	0.3287	3.47861589074274e-06	0.241594978970026	9.1410996827115e-05
chr2	222345159	222345883	Human_hyper_OD	Human-specific	725	6	26.0170918892085	0.5324	0.9288	0.6154	0.8203	0.647	0.459	4.2710995818393e-08	5.4576984999757e-23	1.9842424930082e-117
chr8	8178019	8178598	Human_hyper_OD	Human-specific	580	5	25.8855059470478	0.697	0.9263	0.7486	0.7315	0.2122	0.2205	5.40144657802045e-11	0.55840387902729	9.92560027652662e-15
chr5	107214858	107215259	Human_hyper_OD	Human-specific	402	6	25.7857100733021	0.3871	0.9182	0.3554	0.6987	0.2947	0.6828	1.42009928417621e-07	0.568671569990127	4.60995591216308e-07
chr6	92364563	92364756	Human_hyper_OD	Human-specific	194	4	25.6199903776735	0.185	0.7061	0.2951	0.4253	0.4494	0.4985	3.05114042506764e-14	0.0438146969281112	3.39187111007998e-42
chr5	119801989	119802664	Human_hyper_OD	Human-specific	676	6	25.5891432325284	0.2077	0.7476	0.3058	0.6335	0.2148	0.6521	1.99276058765415e-05	0.0947472326310769	0.0269864544157354
chr2	9125026	9125554	Human_hyper_OD	Human-specific	529	6	25.5303864613272	0.4121	0.5855	0.3825	0.301	0.3229	0.2841	4.16565671947484e-07	0.125809801289534	0.000206544063982194
chr15	65822255	65822356	Human_hyper_OD	Human-specific	102	5	25.5097517180568	0.3544	0.5963	0.3786	0.4025	0.2713	0.2338	9.79231659281847e-06	0.313341115039534	1.52054722263675e-08
chr6	9139337	9139775	Human_hyper_OD	Human-specific	439	4	25.4773389465007	0.3843	0.6825	0.4982	0.4708	0.4266	0.2723	3.75066321087624e-09	0.00412542241446447	3.86084621543249e-25
chr13	111908672	111908938	Human_hyper_OD	Human-specific	267	5	25.440891844097	0.4706	0.9526	0.6239	0.6924	0.8517	0.5506	2.65244218975254e-30	4.4362237502341e-13	2.6742164679091e-116
chr18	44256237	44256337	Human_hyper_OD	Human-specific	101	5	25.3287925598876	0.4846	0.8458	0.6095	0.6224	0.5061	0.4083	3.66208672127534e-15	0.00662154554759482	9.67285809489438e-31
chr22	36236078	36236760	Human_hyper_OD	Human-specific	683	6	25.2760915918033	0.0461	0.3551	0.0186	0.0949	0.012	0.1502	4.3919634947057e-06	0.0609603012839408	0.0111269440366332
chr6	124323336	124324257	Human_hyper_OD	Human-specific	922	5	25.1309837431344	0.4529	0.7826	0.444	0.432	0.2052	0.2296	1.15137515956912e-10	0.827146617971597	2.8706493565628e-15
chr4	114068038	114068471	Human_hyper_OD	Human-specific	434	5	24.9007860536313	0.4611	0.7889	0.4541	0.422	0.2118	0.2935	1.77777012028302e-09	0.0605126426386946	2.96175437557343e-06
chr6	132811540	132811784	Human_hyper_OD	Human-specific	245	5	24.7791375590972	0.2666	0.8264	0.2556	0.5642	0.4681	0.585	5.80826449628995e-08	0.00125836816189432	1.16551025800938e-22
chr4	46958544	46958701	Human_hyper_OD	Human-specific	158	4	24.7359807980223	0.1393	0.6256	0.1136	0.222	0.4451	0.1905	4.46805624014639e-10	1.08136586510089e-13	1.34816080290353e-52
chr22	44192194	44192562	Human_hyper_OD	Human-specific	369	5	24.6718489467149	0.1041	0.6497	0.1959	0.4482	0.1044	0.064	1.97163562004074e-11	1.25532782540791e-20	4.87102423884672e-96
chr4	186646063	186647322	Human_hyper_OD	Human-specific	1260	5	24.6345140397306	0.7696	0.9315	0.7756	0.7878	0.8228	0.8503	3.90363843436811e-13	0.0959801787390996	6.3359706601595e-18
chr4	128554477	128554741	Human_hyper_OD	Human-specific	265	5	24.6240659297791	0.0386	0.2691	0.0186	0.0425	0.0215	0.0696	5.18444991616391e-09	0.65189688449499	1.22487881369309e-07
chr5	141393332	141393597	Human_hyper_OD	Human-specific	266	6	24.6240272697747	0.5061	0.8033	0.6001	0.6164	0.5078	0.6153	1.30137535549308e-07	0.281779591995901	0.000139558699111203
chr21	39107300	39107408	Human_hyper_OD	Human-specific	109	5	24.6130781019508	0.5091	0.8539	0.3699	0.4092	0.3799	0.2786	1.76314673658283e-10	0.048426585634035	9.85852606357462e-16
chr6	136152365	136152587	Human_hyper_OD	Human-specific	223	4	24.5024059665181	0.2206	0.6575	0.2491	0.3369	0.2572	0.3858	5.50817200686967e-15	0.71058060316722	3.84595976579193e-10
chr3	40138419	40138670	Human_hyper_OD	Human-specific	252	4	24.3983771668237	0.2369	0.4035	0.2845	0.1645	0.116	0.0578	0.000131675616306194	0.716304483522584	1.55200403036411e-08
chr20	62418967	62419037	Human_hyper_OD	Human-specific	71	6	24.3243522308355	0.4433	0.89	0.4676	0.6022	0.5028	0.6077	4.72879450922187e-06	0.338218053660442	4.73334112185632e-14
chr9	74129843	74130198	Human_hyper_OD	Human-specific	356	5	24.2260081068257	0.3352	0.7544	0.4779	0.5589	0.3732	0.5577	1.6609771542521e-10	0.158760904276643	4.69726418980809e-08
chr11	133887882	133888302	Human_hyper_OD	Human-specific	421	5	24.2234507603763	0.3215	0.8788	0.3899	0.5493	0.458	0.5719	5.47001329719176e-10	0.124209332058321	3.65382192377748e-20
chr8	28592605	28592791	Human_hyper_OD	Human-specific	187	6	24.0410889095171	0.1661	0.7859	0.2729	0.6528	0.2148	0.6436	3.45018762248231e-08	0.158427721234781	4.29020025316337e-07
chr6	110497491	110499183	Human_hyper_OD	Human-specific	1693	6	24.0347050432165	0.309	0.7256	0.3234	0.5471	0.2129	0.2815	0.000682909506514735	0.00297406310746302	1.41575058797986e-18
chr4	594869	595164	Human_hyper_OD	Human-specific	296	5	23.9292173710226	0.3444	0.8461	0.4518	0.6605	0.5082	0.6403	5.51866578488134e-10	0.130289187279351	7.12717589016743e-24
chr18	38806248	38807389	Human_hyper_OD	Human-specific	1142	7	23.8520006447409	0.7013	0.8797	0.5749	0.5935	0.4781	0.5752	1.567662961225e-06	0.0789685153216605	8.68415969556482e-06
chr15	26937995	26940118	Human_hyper_OD	Human-specific	2124	4	23.8179960980843	0.8007	0.9224	0.7158	0.6664	0.6858	0.7119	8.94657896091365e-18	0.00683164898001011	0.0024734259533746
chr10	65519923	65520631	Human_hyper_OD	Human-specific	709	5	23.7387854274399	0.3598	0.8248	0.4353	0.6438	0.2942	0.5716	2.88563883140384e-09	0.119459814749314	8.93607484126987e-08
chr14	91820651	91820898	Human_hyper_OD	Human-specific	248	5	23.6518164322396	0.3625	0.7546	0.4788	0.5319	0.1795	0.3355	8.24502052677041e-11	0.0946351161757164	2.42557760914254e-07
chr6	33807881	33808035	Human_hyper_OD	Human-specific	155	4	23.6139173989764	0.5384	0.7688	0.2313	0.0704	0.1211	0.0132	9.3244143351865e-12	0.801546818342667	2.35162514871205e-12
chr13	98082992	98083351	Human_hyper_OD	Human-specific	360	4	23.3715516623132	0.201	0.6938	0.1141	0.2887	0.3617	0.142	1.6571225916481e-11	2.99417497848915e-27	2.02205145638992e-72
chr5	168445589	168445767	Human_hyper_OD	Human-specific	179	5	22.9709739195584	0.4282	0.9449	0.3994	0.704	0.3993	0.5322	6.47319694029518e-06	0.0479973572749079	1.59803593641791e-16
chr4	140461975	140462237	Human_hyper_OD	Human-specific	263	5	22.5443486343262	0.7245	0.9096	0.7605	0.7284	0.6309	0.5126	2.91359627396143e-10	0.156029622646962	1.93062070372657e-18
chr5	173534657	173534883	Human_hyper_OD	Human-specific	227	6	22.4641255998725	0.5083	0.8515	0.5	0.6316	0.317	0.2568	1.33211184121729e-05	0.00147897210450071	4.50130031626516e-20
chr14	100851573	100851839	Human_hyper_OD	Human-specific	267	4	22.3872422086761	0.1799	0.4564	0.068	0.1165	0.0377	0.028	1.344153616794e-07	0.000124962504555481	1.17880577878922e-26
chr10	115805921	115806182	Human_hyper_OD	Human-specific	262	7	22.3345054111062	0.2302	0.5883	0.2403	0.3901	0.1356	0.1834	0.00612409169536624	0.0297582316219565	1.46168955275107e-10
chr14	61122940	61123006	Human_hyper_OD	Human-specific	67	4	22.1793024939058	0.1493	0.7905	0.1187	0.3742	0.092	0.4229	2.80608485209875e-13	0.0767959235784352	1.41234709452091e-09
chr7	50725080	50725224	Human_hyper_OD	Human-specific	145	5	22.1468399679627	0.1398	0.3755	0.1117	0.1277	0.0494	0.0708	1.51005424207694e-05	0.41286365116067	6.28476883997e-05
chr8	106154611	106155085	Human_hyper_OD	Human-specific	475	5	22.0593258560388	0.2276	0.5057	0.3192	0.3398	0.3714	0.1768	4.24970837417409e-05	4.28011887970357e-05	5.88344774895371e-22
chr5	76545743	76545874	Human_hyper_OD	Human-specific	132	4	22.0305316231289	0.2547	0.8943	0.2969	0.6686	0.3693	0.3402	9.08679981995895e-12	6.81565339554023e-14	3.98017626797406e-78
chr2	3197412	3197729	Human_hyper_OD	Human-specific	318	4	21.9449802580976	0.3557	0.8988	0.4992	0.706	0.3173	0.561	1.37197904596593e-13	0.5147881844857	2.82719062602407e-19
chr5	2537483	2537634	Human_hyper_OD	Human-specific	152	5	21.938294663441	0.2188	0.5397	0.1274	0.1396	0.3853	0.3136	2.67311528155321e-10	0.143926938102721	3.48538254964193e-16
chr18	29824710	29825197	Human_hyper_OD	Human-specific	488	5	21.9265362440186	0.4964	0.8275	0.5841	0.7115	0.5057	0.4424	2.0211691469401e-08	1.19618062353791e-08	1.00404355339525e-45
chr2	2838207	2838478	Human_hyper_OD	Human-specific	272	5	21.901885538076	0.3448	0.9322	0.3244	0.7391	0.454	0.7537	4.47464893576808e-06	0.0972466838195068	6.26294816321024e-12
chr13	105300755	105300993	Human_hyper_OD	Human-specific	239	4	21.7669297061667	0.3894	0.7757	0.0298	0.063	0.2998	0.1795	3.42500133511911e-09	0.00216776382371422	2.57644875128271e-29
chr12	100660132	100660192	Human_hyper_OD	Human-specific	61	4	21.7240464219376	0.3546	0.7143	0.1089	0.1	0.2913	0.1743	5.01531737577594e-09	0.112848526455395	3.35571110972148e-17
chr14	86079981	86080447	Human_hyper_OD	Human-specific	467	4	21.6952118166014	0.6408	0.8938	0.5291	0.5358	0.5428	0.6649	4.16333126171265e-13	0.0014218329874575	1.75660117911075e-05
chr19	56905337	56905480	Human_hyper_OD	Human-specific	144	6	21.6420662200872	0.0901	0.3375	0.0307	0.0617	0.0071	0.0116	0.00187453048595058	0.00769093257432569	3.32915764261243e-12
chr1	55350823	55351739	Human_hyper_OD	Human-specific	917	5	21.6356207816049	0.3994	0.6676	0.4469	0.4252	0.2002	0.3031	7.11665160553494e-08	0.00506214448335324	0.00371892472631505
chr17	37050859	37051093	Human_hyper_OD	Human-specific	235	4	21.5686026456533	0.6377	0.8907	0.5309	0.4543	0.766	0.6259	9.27671090081999e-10	0.000986507818729161	6.46617691265887e-33
chr11	61212762	61213274	Human_hyper_OD	Human-specific	513	4	21.5227018435434	0.3577	0.7918	0.385	0.4717	0.3351	0.5245	2.53048159377476e-25	0.00093446410253199	9.7234872172661e-19
chr10	75863791	75863980	Human_hyper_OD	Human-specific	190	5	21.4766430311988	0.5774	0.7082	0.5798	0.4973	0.5837	0.5423	4.2336038035735e-05	0.429195174819933	0.000348570654552204
chr12	71995067	71996640	Human_hyper_OD	Human-specific	1574	5	21.2972066570755	0.689	0.8932	0.6644	0.7468	0.5906	0.7192	6.23959149478609e-05	0.988068646143267	1.52389504892565e-08
chr15	51471312	51471995	Human_hyper_OD	Human-specific	684	4	21.1788448925955	0.762	0.9452	0.7423	0.7026	0.6001	0.7173	3.28288198814868e-12	0.000989845308131972	1.22671367139399e-05
chr19	49342206	49342328	Human_hyper_OD	Human-specific	123	4	20.9380708099486	0.4843	0.8269	0.4995	0.4724	0.174	0.1554	2.56750521690795e-09	0.769569352321961	9.0376408791656e-11
chr13	72098987	72099077	Human_hyper_OD	Human-specific	91	6	20.8182025912897	0.4337	0.8595	0.4896	0.7104	0.5297	0.4443	0.000389487348386986	9.32965664322623e-08	2.54537113239354e-26
chr7	134056248	134056540	Human_hyper_OD	Human-specific	293	4	20.7882968607972	0.6372	0.8681	0.6238	0.6307	0.6239	0.7374	5.29107140844816e-13	0.00061723694671616	0.000109972534697129
chr1	88968535	88969095	Human_hyper_OD	Human-specific	561	4	20.7688292639209	0.4151	0.8763	0.3781	0.5781	0.2695	0.5935	3.01010399172905e-07	0.0618915419625954	1.26197188615534e-06
chr3	123949970	123950237	Human_hyper_OD	Human-specific	268	4	20.7474058877891	0.5137	0.78	0.6148	0.5847	0.6136	0.5513	3.18324358894978e-08	0.653936229506181	7.55384747599879e-15
chr16	79623272	79623374	Human_hyper_OD	Human-specific	103	5	20.6121129106081	0.2449	0.4163	0.1835	0.1382	0.2051	0.1162	1.90284248473711e-08	0.162837633347782	6.52937104635277e-15
chr18	42371584	42371741	Human_hyper_OD	Human-specific	158	5	20.5906701822542	0.3124	0.9162	0.263	0.6183	0.1281	0.3357	2.1225858284251e-06	0.149857334260607	7.39936743777026e-12
chr17	60877803	60878166	Human_hyper_OD	Human-specific	364	5	20.5664486005362	0.4594	0.8745	0.4958	0.6206	0.4698	0.4871	7.8452513361538e-10	0.0366038994359694	1.18916655096925e-28
chr9	15249245	15249646	Human_hyper_OD	Human-specific	402	4	20.5413619161301	0.1119	0.7659	0.1274	0.4396	0.0569	0.4727	2.08103852228311e-11	0.012891001803457	7.224257460393e-06
chr2	172751316	172751465	Human_hyper_OD	Human-specific	150	5	20.4029861789698	0.338	0.7067	0.4511	0.5832	0.3215	0.564	3.05298884128443e-07	0.0199822163439757	9.4440943399199e-05
chr3	117175614	117175848	Human_hyper_OD	Human-specific	235	4	20.3426594211746	0.6692	0.8453	0.4691	0.4366	0.4532	0.4087	0.000994428432331723	0.443464410545062	7.30715560854777e-07
chr2	171574501	171574664	Human_hyper_OD	Human-specific	164	4	20.2845285324364	0.3759	0.7902	0.3792	0.4212	0.3163	0.3528	2.02949920213395e-13	0.873242996129369	1.01139680785823e-13
chr8	105373472	105373693	Human_hyper_OD	Human-specific	222	4	20.2412410185613	0.1086	0.378	0.1386	0.2484	0.0648	0.1741	8.60943469727992e-05	0.292876226560402	0.0117115881537063
chr20	62268763	62268932	Human_hyper_OD	Human-specific	170	4	20.2272355634804	0.3413	0.7487	0.299	0.3362	0.5338	0.1371	4.22172080945375e-06	1.56727085743386e-10	1.10686499438918e-57
chr6	3344025	3344237	Human_hyper_OD	Human-specific	213	4	20.1960383306547	0.6006	0.8139	0.7089	0.6435	0.5923	0.6497	2.16832652543658e-11	0.00573346892708568	0.000256055565768998
chr5	89855128	89855378	Human_hyper_OD	Human-specific	251	5	20.1918729708546	0.1769	0.305	0.1074	0.1214	0.1077	0.0728	0.000934343971484057	0.000830637600263965	3.07478103955783e-17
chr3	27755970	27756055	Human_hyper_OD	Human-specific	86	4	20.1351339434957	0.1087	0.4193	0.1104	0.0944	0.1005	0.1888	2.57006884014902e-14	0.0027768943866151	9.71622026421856e-05
chr13	107639637	107639872	Human_hyper_OD	Human-specific	236	4	20.0754256781012	0.4831	0.7129	0.4108	0.3456	0.2548	0.1468	2.74769891169371e-07	0.496713148894041	2.74338123334645e-13
chr2	215369381	215369877	Human_hyper_OD	Human-specific	497	5	20.0487144292586	0.5427	0.7727	0.5514	0.5468	0.4216	0.2371	7.46443377920599e-12	1.98886490728145e-09	2.7925764617387e-40
chr17	25672653	25672846	Human_hyper_OD	Human-specific	194	4	19.9856985924057	0.3913	0.8102	0.0636	0.111	0.2075	0.3592	1.87321661770459e-09	0.936925724869376	7.51196941003449e-08
chr16	7475887	7476079	Human_hyper_OD	Human-specific	193	5	19.9785940909819	0.318	0.6621	0.2516	0.3906	0.1725	0.2296	7.42102282472143e-05	0.0583235941802304	1.66943831125477e-12
chr2	171574738	171574902	Human_hyper_OD	Human-specific	165	5	19.933070411213	0.4116	0.851	0.3867	0.5694	0.4412	0.4786	8.91412546357807e-07	0.0730788120927203	5.38880840342634e-13
chr2	185586703	185586866	Human_hyper_OD	Human-specific	164	4	19.7196968918373	0.6719	0.936	0.7548	0.8045	0.504	0.7341	7.98826652605574e-15	0.00307700115851285	0.000316746124244379
chr2	47042548	47042940	Human_hyper_OD	Human-specific	393	5	19.6743327134217	0.4763	0.896	0.5933	0.7224	0.5621	0.2771	5.02169710942041e-11	6.26240988096303e-31	1.81736062043011e-108
chr10	90146697	90147598	Human_hyper_OD	Human-specific	902	5	19.6653115667971	0.0547	0.3557	0.0148	0.1577	0.0223	0.0723	0.00016116338879041	3.11955413783292e-07	2.36096385087382e-16
chr4	16440360	16441678	Human_hyper_OD	Human-specific	1319	4	19.5085033860088	0.3594	0.7064	0.4265	0.6022	0.3874	0.4024	0.00259830641088902	3.01156883948702e-06	1.18489036860374e-24
chr11	78371737	78372042	Human_hyper_OD	Human-specific	306	4	19.4638986743294	0.4207	0.6916	0.4764	0.3871	0.4481	0.2649	1.00694742094766e-08	0.0156904638884471	6.53270457670264e-17
chr22	42576662	42576793	Human_hyper_OD	Human-specific	132	4	19.4609234511594	0.0498	0.2759	0.0903	0.0613	0.0139	0.0734	5.77764213815912e-12	0.00264904687817894	0.000777993901158261
chr16	11791386	11791983	Human_hyper_OD	Human-specific	598	4	19.4105835922589	0.4593	0.9009	0.3394	0.3917	0.4781	0.3606	3.30058718051187e-15	0.00991308296839179	3.24526710165068e-42
chr6	17758370	17758428	Human_hyper_OD	Human-specific	59	4	19.3841080168155	0.7305	0.9387	0.822	0.7826	0.7941	0.7881	5.37476052733842e-10	0.680236584902033	3.75292121168776e-10
chr22	19417550	19417999	Human_hyper_OD	Human-specific	450	5	19.2919814667832	0.1435	0.3749	0.1926	0.2383	0.1821	0.255	4.53298673731561e-14	0.285501390989503	4.37137057350735e-08
chr5	2467406	2467669	Human_hyper_OD	Human-specific	264	5	19.2616546714288	0.3152	0.6527	0.4321	0.5291	0.4876	0.3141	6.76347494365018e-08	9.08912940620625e-10	6.02551848686102e-27
chr8	97168054	97168138	Human_hyper_OD	Human-specific	85	5	19.2158556283029	0.169	0.4234	0.1046	0.1146	0.059	0.0624	0.000169876704565924	0.79784600725314	4.56242349826054e-07
chr20	58405115	58405421	Human_hyper_OD	Human-specific	307	5	19.1278583766214	0.3354	0.7767	0.3621	0.5485	0.317	0.4246	2.00981681423737e-05	0.0220202891786829	3.10692867562609e-19
chr10	11306447	11306888	Human_hyper_OD	Human-specific	442	4	19.066191440332	0.3719	0.891	0.2931	0.4338	0.2109	0.1968	8.84510490443994e-14	7.51372329377834e-05	4.33669955446712e-47
chr2	114034294	114034367	Human_hyper_OD	Human-specific	74	5	19.0553521796813	0.1203	0.5059	0.0935	0.1697	0.0244	0.0286	2.46574908662824e-07	0.0522616064816639	6.35662100175759e-10
chr1	26260211	26260518	Human_hyper_OD	Human-specific	308	4	18.9272512141247	0.0904	0.6593	0.06	0.3344	0.025	0.2875	2.82151408605695e-07	0.246330498342159	3.51284190048267e-07
chr2	103626461	103626537	Human_hyper_OD	Human-specific	77	5	18.9038135240413	0.3775	0.7126	0.4069	0.5317	0.3864	0.5137	9.73207912765618e-05	0.980429074660455	2.68506654053152e-06
chr6	106049217	106049788	Human_hyper_OD	Human-specific	572	4	18.8674696691848	0.2982	0.7773	0.3111	0.4285	0.4021	0.3367	1.73725403489762e-06	0.000835236720884848	6.08900480005049e-33
chr2	115041259	115041703	Human_hyper_OD	Human-specific	445	4	18.8307490463761	0.4544	0.832	0.4297	0.5596	0.4258	0.6247	5.94473422220237e-19	0.00724279711670256	1.18659356172698e-07
chr1	205605900	205606262	Human_hyper_OD	Human-specific	363	5	18.7132152850757	0.2654	0.475	0.3124	0.3001	0.3116	0.2917	0.0001081776571044	0.824077963482447	3.08548655586836e-07
chr5	31091270	31091387	Human_hyper_OD	Human-specific	118	4	18.6984071353766	0.3972	0.8512	0.4357	0.6542	0.5436	0.6787	2.4451618400856e-09	0.115128847859892	1.80778864088284e-17
chr3	138328641	138328721	Human_hyper_OD	Human-specific	81	4	18.6932403853512	0.159	0.5597	0.0424	0.1486	0.0179	0.1171	9.38462294660352e-08	0.481513182847935	9.78388397239681e-06
chr1	7351822	7352081	Human_hyper_OD	Human-specific	260	4	18.572402974366	0.2623	0.844	0.2326	0.498	0.2061	0.6058	5.71070760924184e-06	0.0589102756772487	8.81191037609315e-05
chr11	95896252	95896342	Human_hyper_OD	Human-specific	91	5	18.51859023543	0.5245	0.7886	0.6068	0.6618	0.5381	0.5975	8.45971911928902e-05	0.641147745956428	1.10515175081031e-07
chr1	98501093	98501596	Human_hyper_OD	Human-specific	504	5	18.3757855982915	0.3791	0.7018	0.4493	0.5672	0.5773	0.6204	1.86723003060783e-06	0.193853870683446	8.55737280286189e-17
chr7	99056348	99056479	Human_hyper_OD	Human-specific	132	4	18.3642525775627	0.4034	0.8305	0.4714	0.5663	0.1366	0.3397	9.99790683557585e-10	0.0617117494400531	0.000201320731631586
chr21	33259895	33259961	Human_hyper_OD	Human-specific	67	4	18.3303878375595	0.2598	0.7207	0.263	0.4161	0.2145	0.1668	2.93268074749204e-05	0.00208918560734996	2.02400688357677e-14
chr2	236607307	236607383	Human_hyper_OD	Human-specific	77	4	18.2932166543596	0.5139	0.7158	0.497	0.3973	0.3539	0.4226	0.000781588130582784	0.107904976108506	0.0177541187410938
chr3	64203104	64203423	Human_hyper_OD	Human-specific	320	4	18.2687717175437	0.3	0.9143	0.4149	0.7978	0.609	0.629	8.19312783946015e-10	6.93865200930884e-11	5.58465255664669e-52
chr1	154821187	154821314	Human_hyper_OD	Human-specific	128	5	18.2262251665307	0.4695	0.7182	0.5734	0.595	0.555	0.3757	1.09571812721447e-05	0.00122407407580641	8.55955471957052e-17
chr6	34665117	34665207	Human_hyper_OD	Human-specific	91	5	18.1781040932661	0.0155	0.1818	0.0054	0.0364	0.002	0.0015	2.17817166011409e-06	0.00234614159742135	1.18078167252105e-16
chr11	35930904	35931224	Human_hyper_OD	Human-specific	321	4	18.0660275734984	0.4837	0.7154	0.4979	0.5447	0.4456	0.402	0.00182599884692869	0.0483705124329472	1.52866012910096e-11
chr2	114034007	114034206	Human_hyper_OD	Human-specific	200	6	18.064775840181	0.2057	0.6167	0.137	0.2781	0.2104	0.2085	4.76194421672448e-06	5.75582188354007e-08	2.96344035780556e-19
chr1	114355611	114355693	Human_hyper_OD	Human-specific	83	4	18.032593911415	0.2436	0.5304	0.2651	0.2956	0.2998	0.3138	3.51295343303655e-07	0.936478417131279	8.65214524786172e-10
chr5	78808006	78808130	Human_hyper_OD	Human-specific	125	6	18.0115539418986	0.0182	0.1887	0.0057	0.088	0.0045	0.0378	0.0196072890464408	0.00195244086065755	6.55239949576598e-08
chr17	67705927	67706142	Human_hyper_OD	Human-specific	216	4	17.9931420409154	0.5765	0.8917	0.7	0.7452	0.7896	0.4833	3.18545237348699e-07	2.41291761894173e-11	3.70479843838459e-44
chr19	56916449	56916991	Human_hyper_OD	Human-specific	543	4	17.9276445781427	0.4977	0.8459	0.5755	0.5727	0.4174	0.3667	1.16105433151567e-09	0.222750445282231	3.10055373430003e-16
chr13	76444774	76444936	Human_hyper_OD	Human-specific	163	5	17.9145547568016	0.245	0.4686	0.2684	0.243	0.2068	0.09	6.71848917489589e-06	0.0169005494079271	8.27539741331594e-21
chr12	130455993	130456538	Human_hyper_OD	Human-specific	546	4	17.902813613954	0.3572	0.8833	0.4532	0.695	0.438	0.7232	2.55299078242756e-07	0.430041403936484	1.28810588265679e-07
chr10	30318261	30318362	Human_hyper_OD	Human-specific	102	4	17.9004420320857	0.3754	0.8847	0.4658	0.6506	0.481	0.6681	7.23515764494657e-06	0.80286995609765	1.48963487185875e-12
chr21	41242756	41242863	Human_hyper_OD	Human-specific	108	4	17.879668311783	0.6471	0.9625	0.7298	0.858	0.8316	0.7928	3.1961242615007e-07	0.000935160187818533	1.66590323702454e-31
chr5	40836180	40836259	Human_hyper_OD	Human-specific	80	5	17.8400394435832	0.1944	0.463	0.0086	0.0203	0.011	0.0317	6.9474723205767e-05	0.984009101039668	0.000146492989386028
chr6	159515749	159516011	Human_hyper_OD	Human-specific	263	5	17.8119709176523	0.2691	0.7872	0.2157	0.536	0.2931	0.25	9.39654200601364e-05	1.00781269414096e-12	2.54811886637775e-35
chr16	30023683	30023844	Human_hyper_OD	Human-specific	162	5	17.7865262717212	0.317	0.7174	0.3542	0.5106	0.3074	0.4848	0.000704433049214527	0.923871125913578	8.40665344383586e-06
chr16	81038941	81039011	Human_hyper_OD	Human-specific	71	5	17.7691559901238	0.4638	0.8202	0.2516	0.3907	0.3212	0.4326	0.00141351835544597	0.861713887516427	0.00231601477707103
chr5	153093584	153093860	Human_hyper_OD	Human-specific	277	4	17.7131762152388	0.3126	0.7213	0.2604	0.3786	0.3592	0.3873	1.91306901766031e-10	0.000430172645566372	1.22163343092072e-18
chr12	90382507	90382977	Human_hyper_OD	Human-specific	471	4	17.6055277217308	0.6649	0.8599	0.7301	0.7218	0.6817	0.4949	3.56563312781196e-11	5.48014220693714e-07	1.9248146789357e-37
chr13	107639950	107640148	Human_hyper_OD	Human-specific	199	4	17.5284354445664	0.4745	0.6403	0.3845	0.3057	0.3032	0.1727	2.68520714240111e-05	0.00135883863949195	5.83070487824721e-16
chr6	44300589	44301119	Human_hyper_OD	Human-specific	531	4	17.3937535741845	0.457	0.6922	0.3611	0.3105	0.2433	0.3512	1.2338874617805e-09	0.000735501346730437	0.000336752539849586
chr4	38037169	38037381	Human_hyper_OD	Human-specific	213	4	17.3648351996724	0.344	0.5521	0.2808	0.2802	0.0566	0.0401	3.15263442371504e-09	0.418844435708686	3.47572984422211e-09
chr7	132205756	132205917	Human_hyper_OD	Human-specific	162	4	17.3185299442133	0.1055	0.8411	0.1546	0.6712	0.0801	0.4148	9.91018258272767e-09	0.0305573052891539	2.72319673220476e-15
chr1	203330179	203330393	Human_hyper_OD	Human-specific	215	4	17.3095351108523	0.303	0.8984	0.3711	0.6192	0.2127	0.5612	2.5557713718089e-08	0.0432435747244032	0.000919247400984513
chr3	123876165	123876439	Human_hyper_OD	Human-specific	275	4	17.2594652042661	0.2598	0.7965	0.3497	0.6475	0.2189	0.5914	5.35077434814885e-06	0.269202378712124	0.000557952828849484
chr8	1014828	1015108	Human_hyper_OD	Human-specific	281	5	17.2479025310428	0.3842	0.5768	0.3885	0.4131	0.2863	0.1723	0.000307522375018695	0.00112408809067177	8.84481736502128e-17
chr2	114031144	114031602	Human_hyper_OD	Human-specific	459	5	17.2431117497594	0.5491	0.7224	0.5188	0.5225	0.491	0.4329	0.000443372495970283	0.0367954750975597	4.85971907532122e-06
chr7	46022650	46022755	Human_hyper_OD	Human-specific	106	5	17.1575465192396	0.6274	0.9443	0.7026	0.7969	0.8309	0.8146	9.36365860376436e-10	0.000579886320606599	2.82092648632562e-18
chr8	33250870	33251213	Human_hyper_OD	Human-specific	344	4	17.0983522193753	0.555	0.6926	0.4598	0.372	0.4735	0.358	8.95506632323699e-05	0.436781474140698	1.95158010312928e-13
chr16	75046452	75046689	Human_hyper_OD	Human-specific	238	4	16.8553737305404	0.5355	0.8547	0.5092	0.5647	0.5908	0.5238	5.11407017738376e-07	0.0035300562029937	6.04186998121005e-17
chr1	83450929	83452294	Human_hyper_OD	Human-specific	1366	4	16.7270345647047	0.6091	0.8433	0.6116	0.6536	0.61	0.4342	5.81007617006692e-11	4.5841615318904e-08	2.18214116053794e-60
chr12	77719842	77720159	Human_hyper_OD	Human-specific	318	5	16.6991212539813	0.0596	0.3596	0.0315	0.1195	0.0171	0.1444	7.68819770164401e-05	0.141673517168695	0.00402109993532399
chr19	2282864	2282954	Human_hyper_OD	Human-specific	91	4	16.6188125964846	0.2184	0.7024	0.1413	0.4057	0.0039	0.0042	3.53927189018744e-07	4.81348357293213e-07	2.62106192348948e-29
chr1	181003160	181003250	Human_hyper_OD	Human-specific	91	5	16.3993833021706	0.2241	0.5531	0.2292	0.3786	0.1896	0.0978	0.03918115747849	4.37568434596726e-09	8.73901508342553e-10
chr1	94505763	94506021	Human_hyper_OD	Human-specific	259	4	16.248615457403	0.5623	0.7862	0.4267	0.4009	0.5784	0.4214	2.29088212782759e-09	6.78184394909918e-05	5.32828974570729e-26
chr12	12120479	12120571	Human_hyper_OD	Human-specific	93	4	16.0993445107791	0.4855	0.8177	0.5554	0.6041	0.6015	0.633	0.000488185487542748	0.806206911355956	1.49874195549546e-05
chr15	53094155	53094208	Human_hyper_OD	Human-specific	54	5	16.0578525187988	0.3224	0.772	0.106	0.285	0.2927	0.508	9.67433994808746e-07	0.770205364356599	7.06089251022328e-06
chr1	38509864	38509962	Human_hyper_OD	Human-specific	99	5	16.036587253427	0.3709	0.7787	0.4359	0.6379	0.3946	0.6652	0.00400098840101634	0.500821830233504	0.00801791493775067
chr13	31314554	31314732	Human_hyper_OD	Human-specific	179	4	15.8361567305242	0.4586	0.6884	0.5485	0.5188	0.357	0.2682	6.78065148969337e-06	0.266585616508015	2.15644456785152e-13
chr3	25948273	25948922	Human_hyper_OD	Human-specific	650	4	15.7795510857999	0.4084	0.5659	0.4279	0.3766	0.4184	0.2776	0.000124366136506688	8.49917602438125e-05	1.27317818083484e-14
chr8	53326303	53326565	Human_hyper_OD	Human-specific	263	5	15.7539060647788	0.1771	0.7667	0.1385	0.4703	0.0055	0.0203	0.00110835786014915	9.51736782622521e-07	1.53655936729082e-29
chr6	166988933	166989133	Human_hyper_OD	Human-specific	201	4	15.7469827589164	0.0945	0.6312	0.0548	0.3542	0.0403	0.2666	2.07390018931316e-05	0.47134224554833	9.69560508841596e-07
chr2	171574989	171575094	Human_hyper_OD	Human-specific	106	4	15.6961548731675	0.5014	0.8897	0.4626	0.7118	0.5383	0.6298	7.17916867143859e-05	0.0776289399742066	1.65725722787243e-08
chr7	82297286	82298258	Human_hyper_OD	Human-specific	973	4	15.6315821159357	0.6922	0.9059	0.6544	0.741	0.656	0.505	3.64884853817408e-08	5.46393732344568e-07	9.14455404906017e-29
chr14	79464141	79464844	Human_hyper_OD	Human-specific	704	4	15.6245820985396	0.6369	0.8362	0.5953	0.6097	0.6772	0.4851	7.62232619779679e-07	2.44098022491193e-09	4.08335532520678e-35
chr2	110063692	110063819	Human_hyper_OD	Human-specific	128	4	15.3437684384701	0.0815	0.3743	0.1145	0.1923	0.029	0.0597	2.52239548496835e-05	0.415905943994718	2.56754956346501e-11
chr9	137834725	137834861	Human_hyper_OD	Human-specific	137	4	15.2235503292008	0.1308	0.2965	0.1527	0.145	0.1194	0.0301	0.000483287799183982	0.0351282349853896	1.10739778105922e-12
chr18	3246867	3246932	Human_hyper_OD	Human-specific	66	4	15.2131384966719	0.2146	0.4409	0.2548	0.1922	0.2562	0.0339	2.61231833927879e-05	0.000473507338971905	6.3974743582588e-17
chr12	13640428	13640831	Human_hyper_OD	Human-specific	404	4	15.1723858664505	0.4545	0.8392	0.355	0.6123	0.4916	0.6668	0.000645009816494015	0.0678440689609527	5.27716332367667e-09
chr10	92924123	92924184	Human_hyper_OD	Human-specific	62	5	15.1509894654665	0.0626	0.378	0.1268	0.2668	0.0561	0.2174	6.16794477492933e-05	0.0713773288161008	6.50922404179533e-05
chr12	67911111	67911251	Human_hyper_OD	Human-specific	141	4	15.1311969264938	0.2729	0.6128	0.3786	0.4923	0.2356	0.3398	0.00297573017857248	0.979121941825397	0.000200860453848065
chr14	61121495	61121747	Human_hyper_OD	Human-specific	253	5	15.106911840564	0.1834	0.7323	0.1003	0.4007	0.0768	0.3698	1.95621285596775e-07	0.561713220515966	5.87733416998632e-06
chr8	9790896	9791077	Human_hyper_OD	Human-specific	182	4	15.0398361275117	0.2878	0.7945	0.3526	0.6197	0.506	0.5693	4.71736174490256e-09	8.64164291461485e-06	2.86948191970833e-27
chr3	2487945	2488675	Human_hyper_OD	Human-specific	731	4	14.7993637903291	0.5365	0.7724	0.4984	0.476	0.6033	0.5249	2.05257548461921e-31	0.263964173596413	7.02658530301604e-26
chr8	117355248	117355397	Human_hyper_OD	Human-specific	150	5	14.7788016114359	0.307	0.5545	0.3788	0.4384	0.2962	0.3451	0.00100589868339685	0.941241514474883	0.00164964462977197
chr10	118029398	118029840	Human_hyper_OD	Human-specific	443	4	14.7529316827647	0.4795	0.8804	0.5236	0.6151	0.2592	0.3552	4.43146429466765e-22	0.489028984273032	7.2646089257042e-24
chr19	11448640	11448760	Human_hyper_OD	Human-specific	121	4	14.4791006140533	0.3864	0.7575	0.3648	0.4236	0.3939	0.5253	3.63272325690016e-05	0.489538189486345	1.03338099839943e-06
chr2	163041017	163041095	Human_hyper_OD	Human-specific	79	5	14.4179962478753	0.2773	0.5342	0.3306	0.3951	0.3364	0.1306	0.00500662580354552	3.20158810962075e-05	2.14318104861828e-16
chr4	99065006	99065241	Human_hyper_OD	Human-specific	236	4	14.3280892113224	0.6387	0.7668	0.1631	0.1397	0.1062	0.0983	0.00274295108808325	0.663854662897066	0.0113489054984983
chr8	97168263	97169199	Human_hyper_OD	Human-specific	937	4	13.9868525560507	0.2567	0.6001	0.1576	0.2822	0.1685	0.172	2.02225346598593e-05	1.6802437560815e-07	3.84526071705162e-20
chr2	50487797	50488324	Human_hyper_OD	Human-specific	528	4	13.9468118118317	0.7624	0.9068	0.7898	0.7782	0.5976	0.4978	5.77630364526721e-05	0.159524289917304	4.50167082744331e-13
chr1	158041052	158041145	Human_hyper_OD	Human-specific	94	4	13.9217807234631	0.1562	0.3767	0.238	0.2588	0.2464	0.0811	0.00317067526794358	0.00111715142515246	1.31673433164144e-14
chr19	31767105	31767186	Human_hyper_OD	Human-specific	82	4	13.8173416348301	0.6777	0.8201	0.7048	0.6965	0.6797	0.6543	0.000140669379553497	0.591694464366396	1.44022067695272e-08
chr10	128003923	128004153	Human_hyper_OD	Human-specific	231	4	13.5582726118805	0.7385	0.9264	0.7694	0.8159	0.6354	0.6447	2.20037672676024e-06	0.325214806761517	1.17588879894859e-10
chr5	10565649	10565706	Human_hyper_OD	Human-specific	58	4	13.5406892207337	0.199	0.4036	0.2148	0.2429	0.0988	0.1219	0.0170312284808327	0.964604006396415	0.00019885166152607
chr2	54814164	54814576	Human_hyper_OD	Human-specific	413	4	13.0098919841675	0.534	0.8604	0.5502	0.7369	0.5708	0.2783	2.06405077531538e-05	2.00839672331359e-28	4.45926814139076e-77
chr6	154539459	154539645	Human_hyper_OD	Human-specific	187	4	12.7775946206202	0.3515	0.8304	0.403	0.7078	0.3834	0.6843	0.005407168509679	0.866933529138142	0.00827031199863543
chr15	53095731	53095815	Human_hyper_OD	Human-specific	85	4	12.5117760326186	0.035	0.2608	0.0291	0.1172	0.0327	0.0408	1.35744509382662e-06	0.0011749367492283	1.22407950524054e-17
chr7	95581000	95581257	Human_hyper_OD	Human-specific	258	4	12.3277368422858	0.332	0.893	0.3371	0.768	0.2209	0.0753	0.00346113909171426	6.16498038831887e-20	6.52715971776541e-53
