chr	str	end	type	specificity	length	nCG	areaStat	Human_ND	Human_OD	Chimp_ND	Chimp_OD	Macaq_ND	Macaq_OD	Bonferroni_interaction_HvsC	Bonferroni_interaction_MvsC	Bonferroni_interaction_MvsH
chr3	113342244	113342745	Chimp_hyper_ND	Human-specific	502	20	153.706418416446	0.4708	0.5514	0.7871	0.3243	0.7942	0.3676	4.06475011970255e-29	0.712817131997161	9.67798231181233e-27
chr11	115845443	115847040	Chimp_hyper_ND	Human-specific	1598	16	139.905933812586	0.1926	0.2521	0.7248	0.3764	0.853	0.6491	2.35256104531405e-34	0.032215432708401	2.35651732827437e-24
chr2	70758696	70761220	Chimp_hyper_ND	Human-specific	2525	19	117.712609237924	0.6139	0.6793	0.9348	0.7583	0.9126	0.7027	1.41184623265693e-23	0.0200965217396472	3.52842781685224e-43
chr10	119875584	119876546	Chimp_hyper_ND	Human-specific	963	19	116.790372062643	0.5989	0.4919	0.8998	0.5069	0.9005	0.5859	2.54662031306692e-25	7.51961547364516e-06	7.96856817671819e-14
chr20	52779042	52779589	Chimp_hyper_ND	Human-specific	548	16	110.009992806929	0.1223	0.0551	0.435	0.0638	0.3866	0.0035	1.6590174890424e-09	0.0511978749519564	1.2175257933886e-32
chr13	60070140	60071040	Chimp_hyper_ND	Human-specific	901	10	107.452917162409	0.6267	0.8276	0.9272	0.6003	0.9291	0.6824	1.23289242417316e-82	0.177568954941673	1.13798603030799e-58
chr16	49055475	49057616	Chimp_hyper_ND	Human-specific	2142	15	95.8558703880215	0.546	0.5588	0.7746	0.4624	0.881	0.5201	5.55879294170153e-22	6.84459887266435e-10	8.31916638403504e-75
chr18	2856703	2858050	Chimp_hyper_ND	Human-specific	1348	18	93.6794130180511	0.6517	0.6937	0.9204	0.693	0.8055	0.5952	2.91186656793311e-35	2.22964853980275e-05	1.61606722944173e-10
chr18	77509748	77510011	Chimp_hyper_ND	Human-specific	264	12	92.8700913054841	0.2391	0.4622	0.5977	0.204	0.8206	0.5332	1.16293794959487e-20	0.0792594088417858	1.65789685097866e-21
chr3	99790961	99793148	Chimp_hyper_ND	Human-specific	2188	13	92.6153304575139	0.7372	0.8721	0.917	0.7427	0.9312	0.7942	2.97161620099737e-33	0.38641432675478	1.01525312089519e-32
chr6	148701287	148702921	Chimp_hyper_ND	Human-specific	1635	15	83.9332128201351	0.4963	0.5125	0.7986	0.4925	0.8646	0.7082	5.21321298725267e-20	0.00988849258180333	8.58809204018877e-11
chr2	33699952	33701141	Chimp_hyper_ND	Human-specific	1190	11	82.4937087939402	0.1988	0.1263	0.6403	0.2021	0.6412	0.1127	5.53398556362768e-21	2.13920563344004e-13	3.72848256268366e-110
chr13	95314185	95314877	Chimp_hyper_ND	Human-specific	693	14	80.9801479545932	0.3377	0.3605	0.6931	0.412	0.6518	0.433	8.51728087882877e-12	0.512964721041191	2.07405287760928e-06
chr6	710427	711826	Chimp_hyper_ND	Human-specific	1400	13	79.7595854714248	0.052	0.075	0.4416	0.2369	0.7538	0.164	4.38161324374507e-13	2.29629699362839e-17	1.88812483351577e-65
chr8	92358262	92360358	Chimp_hyper_ND	Human-specific	2097	9	74.7827135339868	0.5664	0.6078	0.8978	0.5868	0.94	0.617	1.25797931666154e-39	0.271657102258636	2.05840706175486e-55
chr13	95358540	95359203	Chimp_hyper_ND	Human-specific	664	12	71.1229531745673	0.1546	0.1324	0.3919	0.1171	0.456	0.1867	2.45778371986845e-14	0.82759124147713	6.12013566373117e-18
chr6	74289863	74290516	Chimp_hyper_ND	Human-specific	654	18	70.7223463211244	0.2544	0.0046	0.4759	0.0169	0.4662	0.0196	7.3551202058028e-06	0.76363369443887	1.43870520584296e-05
chr15	48934432	48936099	Chimp_hyper_ND	Human-specific	1668	11	67.7144641263927	0.4578	0.4715	0.7088	0.4321	0.6394	0.461	7.61723281778956e-21	0.00650388427424793	2.30943307172617e-09
chr3	30975518	30976026	Chimp_hyper_ND	Human-specific	509	8	67.5777510391589	0.3698	0.2762	0.712	0.2438	0.8617	0.5699	5.4495996636038e-31	5.66836638329592e-05	7.11715712761355e-16
chr15	96878837	96879818	Chimp_hyper_ND	Human-specific	982	15	67.3777684420529	0.2927	0.2307	0.4493	0.1672	0.6499	0.3587	1.077772131965e-20	0.533789014407441	7.90362310169254e-22
chr14	72666017	72667478	Chimp_hyper_ND	Human-specific	1462	9	66.9327181867812	0.599	0.7347	0.8469	0.6142	0.9193	0.7581	5.59898821404193e-42	0.188725378536507	7.29309510829577e-16
chr12	129035348	129036311	Chimp_hyper_ND	Human-specific	964	9	66.6772536033969	0.39	0.2339	0.821	0.2522	0.8034	0.4708	1.35118843645206e-36	2.83683008788609e-11	2.44532931995141e-11
chr8	6404534	6405105	Chimp_hyper_ND	Human-specific	572	11	66.6614410545837	0.7403	0.844	0.9195	0.7341	0.9559	0.8062	5.16079439056623e-31	0.591650801453417	1.73657539215043e-32
chr12	69724823	69725303	Chimp_hyper_ND	Human-specific	481	16	66.4707070623095	0.1192	0.0346	0.513	0.1355	0.7684	0.3129	5.36689804809515e-10	0.376196398220794	2.39079279060391e-15
chr7	48619670	48621070	Chimp_hyper_ND	Human-specific	1401	14	65.7369924960248	0.6848	0.6608	0.8235	0.6075	0.8673	0.5863	1.06704829810049e-13	0.1086921638118	1.191574564865e-38
chr4	178163819	178164120	Chimp_hyper_ND	Human-specific	302	7	63.2806179868075	0.5726	0.5166	0.9063	0.4651	0.9124	0.2688	2.64528883216507e-37	8.34854438788857e-09	2.15756091755839e-85
chr10	107153110	107153756	Chimp_hyper_ND	Human-specific	647	8	63.2686030291745	0.6949	0.7781	0.9505	0.7232	0.9145	0.7674	8.48686916235675e-27	0.000126681225383644	3.38951055169922e-22
chr3	195905974	195906847	Chimp_hyper_ND	Human-specific	874	14	62.9039821898514	0.2879	0.0693	0.6032	0.081	0.4457	0.1115	1.02164670314838e-11	0.0109039226474637	0.00262240461063481
chr12	112939343	112939968	Chimp_hyper_ND	Human-specific	626	8	61.9453127029465	0.6271	0.7421	0.8721	0.5515	0.9274	0.7523	4.45478322396951e-22	0.356394339976874	5.0240397539989e-26
chr6	16200640	16201079	Chimp_hyper_ND	Human-specific	440	14	61.3368270474914	0.1285	0.0398	0.4015	0.0648	0.7533	0.0593	5.70697938605949e-07	2.14248912226317e-15	5.03746842752799e-65
chr12	76270646	76272338	Chimp_hyper_ND	Human-specific	1693	10	60.5984740460504	0.5412	0.4677	0.8165	0.4067	0.9017	0.7383	3.46594767573046e-25	5.66158482165387e-09	2.32131692589311e-11
chr3	3551811	3552676	Chimp_hyper_ND	Human-specific	866	10	60.5052953454723	0.5852	0.6188	0.7976	0.5368	0.8305	0.6402	1.37426379492393e-26	0.346415858345868	2.53759356460775e-12
chr2	223916473	223916952	Chimp_hyper_ND	Human-specific	480	11	59.8279240635837	0.3782	0.2071	0.5325	0.0621	0.7702	0.2181	5.1963523082617e-15	0.661605920611254	1.33430993536365e-16
chr11	45766626	45767072	Chimp_hyper_ND	Human-specific	447	8	59.4002913422385	0.6086	0.4716	0.8314	0.353	0.8936	0.4156	4.23296970554819e-19	0.565232557005552	1.05273170177448e-20
chr9	140444075	140444721	Chimp_hyper_ND	Human-specific	647	9	58.5738582222262	0.3154	0.315	0.5908	0.3294	0.7793	0.48	1.03475623242767e-06	0.0758910627073798	5.87331336174001e-10
chr16	5494413	5495851	Chimp_hyper_ND	Human-specific	1439	7	56.2804145173638	0.7562	0.8326	0.9155	0.6781	0.8744	0.7351	1.83124748145078e-38	0.235695580602371	1.85261701293922e-36
chr1	158969260	158970048	Chimp_hyper_ND	Human-specific	789	9	56.1652817718198	0.1287	0.0193	0.4749	0.0596	0.7286	0.3903	7.34829462008013e-11	0.000398901662633613	2.15281452377097e-07
chr5	123150584	123151061	Chimp_hyper_ND	Human-specific	478	7	55.8094613927224	0.2359	0.3568	0.714	0.4049	0.7498	0.2437	3.84745579063378e-31	8.21373597269615e-13	2.5047064057236e-81
chr16	79656994	79657532	Chimp_hyper_ND	Human-specific	539	11	55.2306664097447	0.2316	0.0619	0.5721	0.1032	0.6795	0.0258	1.41176637634007e-11	6.19452076502686e-09	8.24717168036656e-97
chr9	97734701	97735700	Chimp_hyper_ND	Human-specific	1000	10	53.7079098028607	0.6916	0.6086	0.9462	0.6901	0.9215	0.7404	2.10957593621126e-19	2.63580977141869e-06	3.09514544972484e-11
chr6	156496018	156497666	Chimp_hyper_ND	Human-specific	1649	10	53.4991032161447	0.3923	0.3045	0.7462	0.3355	0.7387	0.5114	1.02150072443427e-30	7.39081324227444e-07	4.11690584156817e-11
chr15	90097959	90098735	Chimp_hyper_ND	Human-specific	777	7	53.1739260155951	0.5279	0.5804	0.8945	0.5405	0.9236	0.5172	4.61661032787781e-31	0.746671039093138	4.65083674478825e-33
chr14	57527248	57528265	Chimp_hyper_ND	Human-specific	1018	9	52.2879842023408	0.615	0.6966	0.8859	0.6116	0.9208	0.7643	3.72674599189792e-45	0.000640042168289422	1.54778442798055e-30
chr10	2815429	2815589	Chimp_hyper_ND	Human-specific	161	11	51.7138331287926	0.3398	0.1008	0.6857	0.1193	0.7724	0.2031	1.68489029299438e-08	0.831814517942885	3.66266889871698e-10
chr15	98847489	98848068	Chimp_hyper_ND	Human-specific	580	8	51.5674108070115	0.6184	0.7584	0.9212	0.7422	0.8838	0.5387	7.54064658533508e-22	3.33839494194365e-05	2.91336520993251e-47
chr4	55100893	55101363	Chimp_hyper_ND	Human-specific	471	8	51.3964486280141	0.2345	0.1584	0.5703	0.1244	0.5316	0.1539	2.04476143767236e-32	0.0580230880255889	1.8447100869978e-22
chr2	113914442	113914709	Chimp_hyper_ND	Human-specific	268	5	51.1961062831315	0.2591	0.3613	0.7268	0.3394	0.5915	0.3399	1.03767906539068e-31	0.672781957768245	3.34830916419099e-53
chr6	3903483	3904028	Chimp_hyper_ND	Human-specific	546	9	51.0601821631565	0.6688	0.7143	0.9292	0.7215	0.9097	0.4921	6.54238924818511e-11	5.03638293734375e-10	1.9184366395871e-25
chr20	42427414	42428244	Chimp_hyper_ND	Human-specific	831	7	51.0233584154866	0.3117	0.1699	0.7106	0.1736	0.629	0.1759	7.61501432736205e-27	0.00424112703538543	3.55263212772265e-18
chr9	27338162	27338736	Chimp_hyper_ND	Human-specific	575	9	50.5536718878738	0.38	0.2182	0.8116	0.2609	0.7615	0.2944	9.30393252757296e-21	0.0502940475672492	9.16360380150879e-11
chr1	235158163	235159001	Chimp_hyper_ND	Human-specific	839	9	50.5002344757084	0.5718	0.4844	0.8366	0.4212	0.8678	0.276	1.17521210148368e-38	6.01627429395623e-05	2.29967912311437e-49
chr4	188587809	188588273	Chimp_hyper_ND	Human-specific	465	9	50.4521593468159	0.581	0.6637	0.8826	0.6081	0.8213	0.4417	1.51861151758739e-28	0.347549515169345	2.12285570732082e-34
chr10	48442936	48443108	Chimp_hyper_ND	Human-specific	173	8	50.4353170912586	0.5848	0.2144	0.8464	0.1337	0.8843	0.0795	6.01962773215122e-17	0.00308358666751137	5.56849872377009e-41
chr10	116286593	116287249	Chimp_hyper_ND	Human-specific	657	14	49.9747074359268	0.1363	0.1405	0.3064	0.1224	0.3415	0.2276	1.69962524235612e-08	0.0412968313514197	0.0203362201695067
chr14	95828338	95828724	Chimp_hyper_ND	Human-specific	387	8	49.8204851267774	0.6987	0.8222	0.9036	0.6913	0.9175	0.7368	2.07407945479733e-31	0.569760336754354	4.73590930272929e-30
chr15	71479265	71479953	Chimp_hyper_ND	Human-specific	689	9	49.4967441859057	0.4553	0.385	0.7145	0.3384	0.8683	0.5887	2.48626605384366e-18	0.0724220250834824	1.28730783955997e-10
chr17	53800225	53800690	Chimp_hyper_ND	Human-specific	466	10	48.3146465729429	0.244	0.0438	0.4952	0.0375	0.5852	0.0543	6.26734517622073e-12	0.172527729003786	2.3087026089511e-20
chr12	116147312	116147712	Chimp_hyper_ND	Human-specific	401	10	48.2373062862769	0.689	0.5854	0.8421	0.4644	0.8813	0.5434	2.38062185229854e-10	0.780925736268878	8.00231998043929e-11
chr3	87138750	87139626	Chimp_hyper_ND	Human-specific	877	6	47.5174907807723	0.1878	0.2575	0.7899	0.3351	0.9472	0.8109	4.72812272458785e-46	0.000184987141966501	1.27248736083838e-52
chr6	168132241	168132415	Chimp_hyper_ND	Human-specific	175	8	47.3006847770195	0.5433	0.3908	0.9184	0.4466	0.8059	0.4605	1.050811408071e-17	1.61789832363592e-06	6.32262290882519e-08
chr5	4414159	4414711	Chimp_hyper_ND	Human-specific	553	7	47.0938198479585	0.5993	0.662	0.8322	0.6507	0.865	0.669	6.22359537658215e-22	0.721401136126881	1.07939589631737e-12
chr5	172847112	172847594	Chimp_hyper_ND	Human-specific	483	11	47.0626866982162	0.4868	0.1061	0.7018	0.074	0.6567	0.0325	4.63216806261622e-06	0.964836038181877	1.17471065927702e-08
chr13	107285733	107286636	Chimp_hyper_ND	Human-specific	904	7	47.0439271069204	0.6377	0.7614	0.9338	0.7558	0.9214	0.6921	2.61645374765435e-31	0.652452133309046	2.30169718958609e-41
chr21	36308360	36309083	Chimp_hyper_ND	Human-specific	724	8	47.0079154857952	0.5026	0.4159	0.6519	0.3384	0.6537	0.3762	3.47488438450878e-11	0.086205240430195	2.37369726906929e-12
chr6	24546639	24547260	Chimp_hyper_ND	Human-specific	622	6	46.8603191965139	0.5303	0.6694	0.9208	0.7335	0.8997	0.4499	2.88304214213093e-15	5.06049060408337e-10	4.22970953903057e-35
chr10	132756019	132756403	Chimp_hyper_ND	Human-specific	385	6	46.7800426132189	0.4791	0.5939	0.9408	0.6932	0.9267	0.7014	1.78528716558587e-34	0.580103642936897	4.43574807939216e-26
chr6	3912160	3912993	Chimp_hyper_ND	Human-specific	834	6	46.202682839492	0.447	0.3544	0.7347	0.2613	0.8707	0.2349	3.62772055201849e-20	1.69020698256869e-06	4.14727035764973e-41
chr10	50990744	50992346	Chimp_hyper_ND	Human-specific	1603	8	46.01973643722	0.6872	0.7953	0.9284	0.6276	0.9539	0.8279	6.37734760562048e-44	8.95943111032691e-09	1.47826142753574e-35
chr6	148142479	148142731	Chimp_hyper_ND	Human-specific	253	9	44.93571118291	0.0964	0.1115	0.3073	0.0778	0.5837	0.0849	7.80907617451506e-10	5.39678473147037e-07	1.03280536702734e-52
chr5	35161771	35162171	Chimp_hyper_ND	Human-specific	401	6	44.6284970863275	0.2402	0.1735	0.6161	0.1135	0.8381	0.3608	4.22325026557243e-23	0.416351784260948	2.10699449048138e-24
chr4	174336769	174337550	Chimp_hyper_ND	Human-specific	782	8	44.384727369094	0.5853	0.3047	0.819	0.213	0.8416	0.363	5.4872037468166e-14	0.0293055704499676	3.83857627410783e-08
chr1	28782251	28783097	Chimp_hyper_ND	Human-specific	847	8	44.3370993716583	0.606	0.658	0.8311	0.5397	0.8737	0.638	1.5151732996207e-23	0.409592417416033	4.64409593488825e-23
chr1	214398132	214398556	Chimp_hyper_ND	Human-specific	425	12	44.1731532169687	0.1141	0.0154	0.4187	0.0402	0.6557	0.1608	8.80585315770711e-12	0.224558844862268	1.53497103751978e-17
chr4	176891810	176892132	Chimp_hyper_ND	Human-specific	323	9	44.0765256449726	0.5323	0.0728	0.7534	0.0392	0.9214	0.1178	4.05816887851207e-12	0.0467276758630497	1.1012045439905e-16
chr16	52775487	52775949	Chimp_hyper_ND	Human-specific	463	8	43.6857171079239	0.5942	0.2004	0.8752	0.2352	0.8464	0.1353	1.77186430105246e-20	0.0270575405820521	2.09949588882084e-35
chr1	218093160	218093750	Chimp_hyper_ND	Human-specific	591	6	43.5491265520073	0.0802	0.2453	0.28	0.0785	0.6075	0.1442	3.13613449856024e-22	4.36016623010922e-11	6.20442865136378e-54
chr17	70586003	70586421	Chimp_hyper_ND	Human-specific	419	11	43.1121501931537	0.7305	0.3631	0.8803	0.3859	0.8704	0.3811	0.00338914591478358	0.908513856326078	0.000732353936083505
chr6	155732730	155733193	Chimp_hyper_ND	Human-specific	464	7	43.0628043821484	0.5232	0.5989	0.8207	0.5778	0.728	0.5356	1.66890794883234e-18	0.213017691426172	3.9941523138352e-12
chr3	126020060	126020533	Chimp_hyper_ND	Human-specific	474	8	42.6948280167322	0.4874	0.3933	0.734	0.2725	0.8677	0.1958	3.44793581978426e-19	2.18971549869971e-13	3.08953274127548e-58
chr6	5152732	5153070	Chimp_hyper_ND	Human-specific	339	6	42.4966070656541	0.4729	0.2207	0.7278	0.0707	0.8385	0.2724	2.10109522924809e-14	0.0122894157782585	3.63889449038106e-16
chr14	26319053	26319455	Chimp_hyper_ND	Human-specific	403	6	42.1041006749803	0.7267	0.783	0.8886	0.6244	0.9203	0.8066	1.12307984112354e-28	0.00129760760049974	1.52389868875027e-15
chr17	59286899	59287449	Chimp_hyper_ND	Human-specific	551	6	41.5819118325993	0.4982	0.0568	0.8989	0.0495	0.9107	0.019	1.17652813651594e-22	0.104301060847167	2.21651862191492e-40
chr3	77062063	77063708	Chimp_hyper_ND	Human-specific	1646	9	41.5787918774357	0.6672	0.7018	0.8317	0.6158	0.8457	0.7327	3.93199554410052e-11	0.544433408728002	1.61669256669573e-06
chr18	74690843	74691077	Chimp_hyper_ND	Human-specific	235	13	41.2195774033651	0.7385	0.3257	0.9505	0.3901	0.9162	0.3464	0.00114081182485385	0.827315983494837	0.00124186514896873
chr14	75838949	75839730	Chimp_hyper_ND	Human-specific	782	8	41.0843244721253	0.5514	0.2333	0.8858	0.3502	0.8348	0.3531	2.95105205507091e-15	0.289963052138741	1.0255342501975e-13
chr13	106771289	106771627	Chimp_hyper_ND	Human-specific	339	9	40.9286990369845	0.2232	0.1088	0.5503	0.1716	0.7601	0.1946	1.15673425642961e-12	1.35047343284316e-09	7.10023452081236e-38
chr7	103163830	103164249	Chimp_hyper_ND	Human-specific	420	7	40.8934297331432	0.6636	0.594	0.86	0.5277	0.7762	0.4819	5.69588899194814e-12	0.41879791085044	1.23412089113452e-12
chr16	87978827	87978958	Chimp_hyper_ND	Human-specific	132	9	40.6872521138071	0.0281	0.0405	0.2474	0.0381	0.9023	0.6916	1.46468934899929e-09	0.587569904413231	6.78273257473021e-11
chr14	29559806	29561684	Chimp_hyper_ND	Human-specific	1879	7	40.6139932583974	0.7418	0.7034	0.9072	0.6816	0.9403	0.6186	2.15192978147894e-18	8.98348699843261e-05	5.39776798475044e-35
chr9	128521813	128522387	Chimp_hyper_ND	Human-specific	575	11	40.5352169093329	0.1976	0.0445	0.4413	0.0447	0.4987	0.0121	4.70663112719793e-05	0.00466390708486691	1.17209730815601e-17
chr2	171564259	171564770	Chimp_hyper_ND	Human-specific	512	6	40.3688260896677	0.4431	0.5086	0.8516	0.5003	0.9517	0.8167	8.20155603701265e-23	0.000155366265230852	1.33247434765203e-12
chr10	106247637	106248398	Chimp_hyper_ND	Human-specific	762	6	40.2465371286328	0.5375	0.4365	0.8832	0.4368	0.9271	0.5424	1.89632267361004e-17	0.732912598511864	1.07418080895482e-46
chr18	76286801	76287314	Chimp_hyper_ND	Human-specific	514	6	40.1408654878084	0.6657	0.857	0.8808	0.681	0.9453	0.6587	3.964474411e-26	0.000386410995187193	7.69590811226314e-76
chr7	95175661	95176305	Chimp_hyper_ND	Human-specific	645	6	40.1315626344769	0.7775	0.6688	0.949	0.6019	0.9253	0.6677	2.75756952247336e-13	0.0170790538978966	2.12891627533775e-06
chr6	159459523	159460416	Chimp_hyper_ND	Human-specific	894	7	40.0526011666048	0.4823	0.6663	0.8005	0.6118	0.8729	0.497	3.1831140114888e-28	5.04192212211416e-05	7.69721472026539e-76
chr20	56386296	56386595	Chimp_hyper_ND	Human-specific	300	7	39.9223097590797	0.2563	0.2176	0.7984	0.4169	0.9575	0.7955	3.28226229007507e-17	0.00140119940605782	7.16594273973325e-07
chr14	67658348	67658768	Chimp_hyper_ND	Human-specific	421	6	39.8429151701095	0.4453	0.0859	0.8963	0.1152	0.8854	0.1723	1.25789009170609e-13	0.146961434328453	3.32427743466475e-12
chr2	129715344	129716166	Chimp_hyper_ND	Human-specific	823	7	39.3613549310791	0.6674	0.7959	0.9422	0.7673	0.9586	0.8283	7.81667689021245e-27	0.194774653292862	8.63738034905095e-32
chr16	51691932	51692552	Chimp_hyper_ND	Human-specific	621	8	39.0302630917965	0.6907	0.5166	0.8626	0.478	0.9048	0.5677	2.46991251314878e-05	0.51381091648507	2.68252928568126e-05
chr9	137406826	137407182	Chimp_hyper_ND	Human-specific	357	5	38.4903096439245	0.5698	0.4522	0.8375	0.2546	0.9188	0.5337	6.25025671406183e-21	4.78442891748761e-05	1.1772825721201e-18
chr2	202988190	202988571	Chimp_hyper_ND	Human-specific	382	8	38.3673741507294	0.232	0.1877	0.6732	0.3399	0.8683	0.3333	1.33688901221447e-08	1.32947972103859e-06	3.92784380233948e-35
chr10	3517676	3518281	Chimp_hyper_ND	Human-specific	606	8	38.0466740807949	0.7975	0.8086	0.9132	0.7364	0.934	0.7609	2.4604374629794e-10	0.64758082182902	6.29163434558959e-17
chr14	29561942	29562666	Chimp_hyper_ND	Human-specific	725	6	37.6708752184729	0.4962	0.3319	0.7803	0.39	0.8475	0.3464	1.83501807423844e-09	1.38332028425711e-07	1.90745509885588e-42
chr12	92014582	92015079	Chimp_hyper_ND	Human-specific	498	9	37.5527652886651	0.4112	0.2354	0.6664	0.2014	0.7008	0.3424	5.78188996316456e-06	0.223631074842912	2.6257208516106e-05
chr6	161860197	161860338	Chimp_hyper_ND	Human-specific	142	8	37.3432363708275	0.0718	0.0413	0.496	0.1686	0.695	0.1074	8.97791219845019e-05	1.56687144267929e-05	3.84971208088673e-21
chr20	57169199	57169367	Chimp_hyper_ND	Human-specific	169	6	37.0864795153764	0.641	0.286	0.8295	0.1402	0.8922	0.1305	2.85648100800066e-13	0.023486071037731	4.88949522559256e-28
chr5	169781032	169781499	Chimp_hyper_ND	Human-specific	468	8	36.9642861834281	0.5228	0.5475	0.7775	0.5378	0.8664	0.5957	1.27817637530318e-16	0.44199027151594	1.22726421485199e-14
chr11	27033896	27035529	Chimp_hyper_ND	Human-specific	1634	9	36.9608268430162	0.3074	0.146	0.4856	0.151	0.821	0.5365	0.000173856158184372	0.162163439034669	1.39908009794966e-07
chr5	134779093	134779952	Chimp_hyper_ND	Human-specific	860	6	36.8737892872258	0.6385	0.653	0.949	0.7775	0.9272	0.5452	1.03615512995583e-19	1.97676351371751e-13	2.31516688830194e-66
chr15	60419754	60420461	Chimp_hyper_ND	Human-specific	708	8	36.8377760955116	0.1656	0.0087	0.5187	0.0701	0.9137	0.4513	5.13662586722695e-11	0.669965932693838	6.16220792233704e-09
chr2	239758567	239758956	Chimp_hyper_ND	Human-specific	390	7	36.6899914807575	0.7161	0.6587	0.8932	0.6505	0.8716	0.6051	3.56480614439424e-12	0.726497652465399	1.92525579806502e-13
chr11	125132599	125132859	Chimp_hyper_ND	Human-specific	261	8	36.5032092396371	0.262	0.1328	0.5284	0.1338	0.4934	0.0183	1.32121654968337e-15	0.00122323057709145	1.01125616966623e-22
chr20	11959766	11961242	Chimp_hyper_ND	Human-specific	1477	6	36.3434142192591	0.5236	0.5146	0.7324	0.3593	0.6308	0.4732	4.18468234209767e-20	9.6677602042846e-09	8.81517135534548e-10
chr11	133014326	133014515	Chimp_hyper_ND	Human-specific	190	6	36.1131844744255	0.7948	0.7752	0.9468	0.644	0.9154	0.8113	3.5229529849857e-17	1.73125196097856e-06	1.59512319485298e-08
chr11	68919876	68920140	Chimp_hyper_ND	Human-specific	265	9	36.0752463854342	0.7602	0.6864	0.8984	0.6076	0.9538	0.7023	6.46694629874909e-09	0.563062397513451	4.69326870510803e-10
chr6	50348166	50348704	Chimp_hyper_ND	Human-specific	539	6	35.7234830512525	0.2747	0.165	0.5707	0.1096	0.5961	0.0349	2.73506595072388e-09	4.6111995678194e-06	9.99194830186373e-38
chr15	93687573	93688201	Chimp_hyper_ND	Human-specific	629	7	35.5745880006108	0.6048	0.402	0.821	0.2603	0.8149	0.3415	3.45197937528401e-15	0.216108738463602	7.93618372505259e-09
chr14	56686780	56687531	Chimp_hyper_ND	Human-specific	752	6	35.4979105456081	0.6284	0.4714	0.7937	0.3106	0.9013	0.3442	4.11037158470466e-15	0.014783499838342	4.75784984434581e-37
chr16	7459057	7459531	Chimp_hyper_ND	Human-specific	475	10	35.4724166404372	0.6101	0.605	0.8843	0.6538	0.7589	0.5549	2.78726139696187e-08	0.708367320412117	1.3607739229087e-06
chr17	69373176	69373449	Chimp_hyper_ND	Human-specific	274	6	35.4231998530017	0.7031	0.5881	0.8962	0.5038	0.8809	0.5667	5.16289458585013e-17	0.230200547825779	7.25350819858981e-08
chr9	118504848	118505269	Chimp_hyper_ND	Human-specific	422	7	35.2071317281918	0.6666	0.517	0.8483	0.574	0.8371	0.4433	5.81571837625167e-06	1.22036929352541e-05	8.10291423548921e-13
chr13	111893991	111894497	Chimp_hyper_ND	Human-specific	507	10	35.2068224071766	0.5584	0.0784	0.6743	0.0778	0.7488	0.0378	0.0119898042094935	0.100741357017319	4.42560667900232e-09
chr20	18612345	18613059	Chimp_hyper_ND	Human-specific	715	7	35.1974921397632	0.3871	0.2569	0.6261	0.2233	0.6409	0.3978	2.50848905105097e-11	0.0304047486232041	1.32932900904151e-07
chr5	89893881	89894612	Chimp_hyper_ND	Human-specific	732	8	35.076235816225	0.4474	0.1782	0.6381	0.1155	0.7479	0.037	2.68536594381017e-07	4.65609754334763e-08	1.82596878223594e-46
chr14	25646380	25646559	Chimp_hyper_ND	Human-specific	180	4	35.0345695155246	0.7715	0.8459	0.9699	0.7074	0.9016	0.7379	3.69859626899307e-21	0.00176469687780755	3.4925917496673e-12
chr4	169789150	169790102	Chimp_hyper_ND	Human-specific	953	5	34.9878489439092	0.4912	0.5383	0.8762	0.4272	0.7542	0.4757	1.23421244884299e-38	0.00218167382014604	1.11574003544596e-23
chr13	112626248	112626730	Chimp_hyper_ND	Human-specific	483	9	34.8606017663808	0.4067	0.3271	0.5415	0.2198	0.5316	0.2925	1.50032555953707e-07	0.0118963731609026	0.000254830535458649
chr14	99481851	99482805	Chimp_hyper_ND	Human-specific	955	5	34.6218277655962	0.6805	0.6049	0.9356	0.7111	0.8366	0.5064	2.31168380939834e-09	0.840705461273813	1.1108770629911e-17
chr7	2738456	2738728	Chimp_hyper_ND	Human-specific	273	7	34.1863089234381	0.486	0.5902	0.7517	0.5391	0.9251	0.779	2.41408356197267e-08	0.771855561838908	5.474019249295e-07
chr3	20710749	20711424	Chimp_hyper_ND	Human-specific	676	7	33.9400555266767	0.1003	0.0977	0.3685	0.1226	0.5421	0.099	1.12549346532211e-15	2.33170577532287e-08	4.84098071771159e-59
chr14	51326957	51327150	Chimp_hyper_ND	Human-specific	194	7	33.8569413115237	0.0351	0.0048	0.2004	0.0029	0.3307	0.0355	1.05805531156546e-17	0.946561544706414	3.34015819210848e-14
chr18	32173055	32174454	Chimp_hyper_ND	Human-specific	1400	9	33.5723107631378	0.2273	0.1668	0.3884	0.1769	0.6219	0.1145	7.92748268630315e-07	2.42347385055949e-31	1.37436047298498e-114
chr9	20339694	20339921	Chimp_hyper_ND	Human-specific	228	6	33.5665167104588	0.1783	0.092	0.6195	0.2053	0.6957	0.0446	1.95716337496393e-13	2.73045740863752e-15	2.3504538817662e-44
chr14	34249338	34249959	Chimp_hyper_ND	Human-specific	622	6	32.9087562150854	0.6293	0.4843	0.8	0.4575	0.8695	0.2731	1.36192370730997e-05	4.61998809981458e-14	1.45887229926865e-34
chr16	84390897	84391268	Chimp_hyper_ND	Human-specific	372	4	32.8811766925397	0.337	0.5198	0.7857	0.5022	0.9167	0.4258	6.7698350947199e-29	9.1757722067848e-05	2.42633943730118e-74
chr8	103113670	103114571	Chimp_hyper_ND	Human-specific	902	7	32.8641557272366	0.71	0.7859	0.9374	0.6616	0.8736	0.699	1.31262257474662e-35	0.000722504595797228	6.68850607960043e-15
chr9	127422616	127423273	Chimp_hyper_ND	Human-specific	658	8	32.8200896981339	0.3613	0.0243	0.6234	0.0192	0.5305	0.0063	1.13580708122129e-07	0.96015724399404	1.46379536783532e-11
chr4	102025052	102025935	Chimp_hyper_ND	Human-specific	884	7	32.551390985912	0.4617	0.3927	0.6142	0.2537	0.6521	0.2396	9.1106857519116e-15	0.185205135361183	3.2317560972435e-21
chr6	163682014	163682212	Chimp_hyper_ND	Human-specific	199	5	32.297932691027	0.2261	0.0132	0.6844	0.0336	0.6665	0.0105	1.08494584807648e-12	0.152756499963285	4.75303276785603e-18
chr10	122188275	122189090	Chimp_hyper_ND	Human-specific	816	7	32.1188054770018	0.7286	0.5273	0.8381	0.4344	0.8	0.4783	4.15133580565326e-09	0.00223242029270103	3.59125516878055e-05
chr2	191342625	191343283	Chimp_hyper_ND	Human-specific	659	6	32.0118384518601	0.3701	0.0844	0.6708	0.0691	0.6645	0.0163	3.6854312705736e-07	0.119757915818614	1.2057080779888e-15
chr3	108633926	108634166	Chimp_hyper_ND	Human-specific	241	4	31.9839368604097	0.1281	0.0095	0.4404	0.0174	0.467	0.091	2.97126721021413e-20	5.89151371816801e-05	7.83203962301471e-08
chr7	28429931	28430720	Chimp_hyper_ND	Human-specific	790	8	31.920396004112	0.5664	0.3665	0.7131	0.2895	0.9056	0.3591	1.24520837593214e-05	7.41267438919834e-15	2.76995468770751e-41
chr8	81940988	81941999	Chimp_hyper_ND	Human-specific	1012	8	31.918168401247	0.2549	0.0371	0.4861	0.0516	0.4126	0.0297	4.53578493719259e-05	0.991510633936097	1.02428447323148e-07
chr16	60156998	60157702	Chimp_hyper_ND	Human-specific	705	6	31.6035262946299	0.5275	0.2564	0.782	0.2511	0.9085	0.0805	1.93302383539687e-06	7.17673541667096e-36	1.88815121995936e-73
chr11	33393627	33394590	Chimp_hyper_ND	Human-specific	964	5	31.4927994153004	0.6856	0.8976	0.9303	0.6855	0.9475	0.6951	1.36881365515318e-39	0.0109065358898424	1.73693752263848e-78
chr5	81704062	81704612	Chimp_hyper_ND	Human-specific	551	4	31.2357249975982	0.7662	0.6964	0.9437	0.5668	0.9532	0.6603	8.62220163547842e-24	0.771623492516228	1.10005532306758e-29
chr16	58865474	58865890	Chimp_hyper_ND	Human-specific	417	6	31.1327252140513	0.6198	0.5699	0.9089	0.577	0.8835	0.5065	2.87185298305834e-10	0.699901952741744	2.16942444366689e-13
chr14	69028557	69028847	Chimp_hyper_ND	Human-specific	291	4	31.0040846822997	0.6283	0.67	0.8699	0.4722	0.8986	0.6263	1.22877137173078e-19	0.0555272755080196	1.17465603000199e-14
chr4	95942981	95943447	Chimp_hyper_ND	Human-specific	467	6	30.879768626851	0.4687	0.5072	0.6447	0.391	0.8205	0.6	1.51660506999317e-10	0.697158436963407	5.45688177742714e-11
chr15	62358834	62358973	Chimp_hyper_ND	Human-specific	140	7	30.7771337650661	0.2731	0.3428	0.4314	0.2855	0.8621	0.6262	7.87912303810276e-07	0.00350148669432037	2.30371392327728e-19
chr8	123800943	123801556	Chimp_hyper_ND	Human-specific	614	8	30.6847576036486	0.1002	0.0453	0.3259	0.0676	0.2204	0.0163	2.31100428555314e-05	0.424363616821497	4.26982561290604e-08
chr1	207818036	207818136	Chimp_hyper_ND	Human-specific	101	5	30.5898849607056	0.1516	0.0226	0.5267	0.063	0.5577	0.0127	5.08668005624209e-13	0.000638100627431955	5.73242942061502e-29
chr15	86185903	86186094	Chimp_hyper_ND	Human-specific	192	6	30.5510686373504	0.3555	0.1344	0.7258	0.1393	0.584	0.032	3.1369427979824e-08	0.260898997937551	2.07305822926678e-17
chr2	239426610	239426945	Chimp_hyper_ND	Human-specific	336	7	30.2170166051909	0.6286	0.6541	0.8045	0.6736	0.8418	0.5199	0.00211583230692587	2.34634961892112e-09	1.30419473614467e-21
chr3	128943935	128944220	Chimp_hyper_ND	Human-specific	286	6	30.0187375469214	0.2287	0.0104	0.551	0.0314	0.785	0.2559	1.9782942648678e-11	0.0689238836717181	0.000628480125834941
chr9	469639	470524	Chimp_hyper_ND	Human-specific	886	7	29.951591665455	0.0171	0.0121	0.3254	0.1054	0.2328	0.1051	8.73231871789181e-10	0.0149483290706973	4.05617621616072e-05
chr4	17168576	17168873	Chimp_hyper_ND	Human-specific	298	5	29.6700964835943	0.6713	0.7109	0.8683	0.5384	0.9572	0.8171	2.46515895528929e-15	0.00760896730005015	2.09319151031842e-10
chr2	236773260	236773689	Chimp_hyper_ND	Human-specific	430	7	29.478429391944	0.7146	0.2319	0.8444	0.1095	0.8997	0.3653	4.50809500293795e-11	0.00251514776795994	8.61154680789104e-07
chr3	65092789	65094004	Chimp_hyper_ND	Human-specific	1216	6	29.3596452312173	0.4582	0.3722	0.6802	0.2933	0.9437	0.5749	2.31657497801986e-09	3.20610603185107e-11	4.78729765021228e-25
chr8	118345107	118345405	Chimp_hyper_ND	Human-specific	299	7	29.3190948305489	0.1857	0.1043	0.4596	0.1334	0.6027	0.2375	9.688022974055e-07	0.780231907823292	1.19151674645006e-12
chr18	69829202	69830181	Chimp_hyper_ND	Human-specific	980	5	29.1894391400677	0.8066	0.8244	0.9614	0.7673	0.92	0.7496	5.21384143132716e-19	0.150456722763479	1.17318361806333e-16
chr3	99475011	99475865	Chimp_hyper_ND	Human-specific	855	4	28.7921289834081	0.7493	0.8069	0.9285	0.7685	0.9058	0.6724	2.27813195263734e-18	0.0462768882809905	2.24517908247749e-18
chr10	4358488	4358590	Chimp_hyper_ND	Human-specific	103	5	28.6208995044147	0.517	0.0611	0.8792	0.0564	0.9139	0.0221	2.6198934265453e-07	0.145950807456118	2.4125063207567e-14
chr16	8345605	8346062	Chimp_hyper_ND	Human-specific	458	6	28.3772774014137	0.7728	0.7839	0.9447	0.7782	0.8977	0.7346	5.92679921454039e-12	0.123015553478351	9.57653134716334e-09
chr4	88761613	88762904	Chimp_hyper_ND	Human-specific	1292	4	28.1360466783721	0.6314	0.4646	0.8842	0.405	0.8272	0.3431	2.80335778328637e-13	0.300958639616258	1.76697872578911e-16
chr4	13528795	13528936	Chimp_hyper_ND	Human-specific	142	7	27.8822348376425	0.2275	0.1302	0.4648	0.1699	0.593	0.1871	2.30385370297572e-16	0.0430175422485524	1.23693997490265e-23
chr17	37914184	37914766	Chimp_hyper_ND	Human-specific	583	6	27.875289477281	0.7505	0.6705	0.9677	0.6785	0.956	0.8061	2.04681208555279e-16	0.00069681058053855	8.28783538658047e-07
chr3	186650380	186650797	Chimp_hyper_ND	Human-specific	418	5	27.8219910202846	0.2367	0.3132	0.6071	0.3484	0.5245	0.3779	1.18034508439587e-12	0.0519631983542341	1.2120589576782e-05
chr4	143115221	143117186	Chimp_hyper_ND	Human-specific	1966	7	27.6229757973383	0.6071	0.4654	0.7598	0.4021	0.8448	0.4411	7.37100304896039e-13	0.00931231854107131	1.35698278598897e-20
chr2	50918733	50919223	Chimp_hyper_ND	Human-specific	491	6	27.5380307897621	0.1322	0.0411	0.3923	0.0614	0.4146	0.0234	5.89041173858671e-08	0.0204553542118843	1.00577494233894e-11
chr1	214451141	214451481	Chimp_hyper_ND	Human-specific	341	6	27.4945089819674	0.7651	0.821	0.8868	0.7795	0.9626	0.8525	1.89780070459364e-17	0.187306365595948	2.20597059237223e-22
chr12	129219148	129219424	Chimp_hyper_ND	Human-specific	277	5	27.4875531930484	0.5763	0.1373	0.8646	0.1067	0.8189	0.1821	1.55388725190151e-10	0.00218577341517168	1.80661465342794e-08
chr20	61758811	61759018	Chimp_hyper_ND	Human-specific	208	6	27.4811144814815	0.6156	0.4219	0.8072	0.3633	0.8186	0.5622	1.55325991873788e-06	0.0496389772340833	0.0438150638035792
chr4	96204780	96205637	Chimp_hyper_ND	Human-specific	858	5	27.4409951761737	0.5426	0.4112	0.9386	0.6175	0.9302	0.4198	5.24458983708225e-12	1.91372598038501e-07	5.86533719592837e-32
chr22	46472513	46472608	Chimp_hyper_ND	Human-specific	96	9	27.4012463937815	0.0646	0.0322	0.1749	0.0368	0.1622	0.0195	0.00502040905792145	0.832543377607186	0.00328061801830107
chr2	69380490	69381681	Chimp_hyper_ND	Human-specific	1192	5	27.2677799799992	0.5126	0.601	0.7788	0.5148	0.9051	0.5821	1.37714848490458e-24	0.000964736708090051	2.8518984401495e-45
chr1	187377994	187378724	Chimp_hyper_ND	Human-specific	731	5	27.2545157637991	0.4995	0.6059	0.7208	0.5682	0.7661	0.6429	6.09493607347228e-18	0.362044960929954	1.18117743469951e-11
chr2	42189816	42190499	Chimp_hyper_ND	Human-specific	684	5	27.2459170996029	0.7985	0.8285	0.9565	0.8267	0.9538	0.7408	2.03964144606269e-12	7.69930127074924e-06	9.46123022164563e-51
chr15	79607761	79608268	Chimp_hyper_ND	Human-specific	508	5	27.1806051411807	0.4996	0.2464	0.8333	0.2559	0.8613	0.2437	2.61452478831015e-11	0.0457816820427905	2.03095660718859e-19
chr16	48309673	48310323	Chimp_hyper_ND	Human-specific	651	5	27.1156909706564	0.3163	0.1635	0.4629	0.0804	0.5543	0.2398	5.77881824471547e-12	0.0962860957842172	0.000762962007780868
chr5	168296834	168297151	Chimp_hyper_ND	Human-specific	318	4	26.9830713892465	0.2171	0.1157	0.6052	0.1078	0.5462	0.1418	2.79890947241383e-23	0.0704747688393323	1.66094483137419e-15
chr1	232059789	232060152	Chimp_hyper_ND	Human-specific	364	6	26.9535711044168	0.2798	0.0666	0.6161	0.0936	0.6071	0.0095	1.9106659782742e-08	0.0102949347704655	1.84994680571535e-23
chr2	227509286	227509496	Chimp_hyper_ND	Human-specific	211	4	26.7721065001074	0.6332	0.4767	0.915	0.4437	0.9329	0.5264	6.51828962310475e-21	0.710642191183769	2.38092465391499e-22
chr5	165592552	165593170	Chimp_hyper_ND	Human-specific	619	5	26.6488234814063	0.4588	0.4606	0.7179	0.3737	0.645	0.3997	1.32739068005842e-27	0.00335018080732208	3.43137453354161e-19
chr15	27917168	27917582	Chimp_hyper_ND	Human-specific	415	5	26.5702681055023	0.2509	0.1252	0.7557	0.2804	0.9458	0.4519	7.82138571754176e-21	0.325713317366781	1.27627311365373e-17
chr12	116043586	116043958	Chimp_hyper_ND	Human-specific	373	5	26.4868057685089	0.6541	0.6068	0.8346	0.5499	0.8185	0.5542	3.10744493905373e-11	0.483921317617586	1.98918496475921e-10
chr20	54825211	54825631	Chimp_hyper_ND	Human-specific	421	6	26.3919386262944	0.4306	0.4119	0.6447	0.427	0.8709	0.7665	0.00466111670771307	0.510348592840028	0.021160591729135
chr4	138464985	138466870	Chimp_hyper_ND	Human-specific	1886	5	26.2078585138053	0.5142	0.6244	0.8055	0.6287	0.9387	0.5278	6.28287265884328e-20	1.31453057316592e-41	2.86635375304517e-128
chr4	169790223	169790457	Chimp_hyper_ND	Human-specific	235	4	26.1007245549605	0.601	0.6107	0.9254	0.6113	0.8299	0.612	6.54093556609236e-20	0.00041719343427843	5.04332333023926e-08
chr1	3667215	3667629	Chimp_hyper_ND	Human-specific	415	6	26.0887201223983	0.6406	0.5639	0.8779	0.5024	0.8327	0.5641	6.94924657414289e-08	0.0495547738745946	9.6950966143195e-05
chr6	166719321	166719460	Chimp_hyper_ND	Human-specific	140	7	25.9304687177956	0.6727	0.0396	0.8495	0.0151	0.9412	0.0655	1.14215831456197e-08	0.585692193753317	3.8618927726276e-07
chr1	36043653	36043901	Chimp_hyper_ND	Human-specific	249	6	25.9054041430769	0.5731	0.6392	0.8311	0.6512	0.9327	0.5314	5.19938352643149e-09	1.83296698044135e-08	2.19725834781874e-36
chr10	12639913	12640164	Chimp_hyper_ND	Human-specific	252	5	25.8601968022857	0.5179	0.3496	0.7216	0.2346	0.6349	0.3083	8.72546952898554e-10	0.0131586654383899	1.26070931303883e-05
chr13	112622005	112622258	Chimp_hyper_ND	Human-specific	254	7	25.8479978793331	0.574	0.0496	0.7501	0.0407	0.6882	0.0234	0.00097509638374021	0.465443485043577	0.00290571250634739
chr3	20080198	20080512	Chimp_hyper_ND	Human-specific	315	5	25.8217669425799	0.6175	0.3215	0.7511	0.2192	0.7343	0.2098	2.92177035365686e-09	0.98504234461184	6.73898653130208e-08
chr1	30577114	30577728	Chimp_hyper_ND	Human-specific	615	4	25.6800413464203	0.5521	0.5669	0.7755	0.4727	0.8031	0.5547	1.02498432429309e-18	0.297826235909213	3.62891990431406e-17
chr10	131697411	131697575	Chimp_hyper_ND	Human-specific	165	5	25.6337797832435	0.3698	0.0745	0.7585	0.08	0.5794	0.0635	3.1932558813722e-11	0.0239071031181634	6.12196025659012e-05
chr15	88404976	88406682	Chimp_hyper_ND	Human-specific	1707	5	25.6164070999784	0.7881	0.7789	0.9125	0.7317	0.9036	0.7605	4.90182216772545e-08	0.37366802742368	3.76462741251796e-06
chr21	17681162	17681800	Chimp_hyper_ND	Human-specific	639	6	25.5518349224712	0.551	0.1521	0.6719	0.0923	0.6443	0.1163	6.77212739529917e-05	0.114072914319921	0.000782733100771807
chr12	89580175	89580500	Chimp_hyper_ND	Human-specific	326	4	25.3930678825361	0.4814	0.1591	0.7928	0.0908	0.8718	0.0992	3.4727940123571e-09	0.58519236513752	4.45319718811265e-13
chr6	64723150	64723267	Chimp_hyper_ND	Human-specific	118	6	25.3295344064783	0.297	0.0749	0.4825	0.0666	0.4594	0.0858	2.47412940490528e-05	0.390030840993957	8.56536413282611e-05
chr8	125636939	125637046	Chimp_hyper_ND	Human-specific	108	6	25.1012582689137	0.4496	0.2971	0.6724	0.1615	0.8288	0.1208	3.17104588286675e-08	1.81611252865467e-05	1.78352211265795e-46
chr7	30707674	30708281	Chimp_hyper_ND	Human-specific	608	4	25.0760900937072	0.5711	0.524	0.8571	0.5902	0.9459	0.639	4.76045418788253e-14	0.0831006970453125	8.66298679861301e-21
chr1	185396046	185396896	Chimp_hyper_ND	Human-specific	851	6	25.0716394660036	0.7063	0.7408	0.9379	0.8267	0.9359	0.8275	2.85298151923918e-08	0.349917326887568	3.2078763365049e-09
chr1	236005657	236006255	Chimp_hyper_ND	Human-specific	599	4	25.031509744017	0.4057	0.451	0.8937	0.6927	0.9199	0.5681	2.50494967439142e-15	1.31326056072698e-06	5.8971312035677e-44
chr3	171471015	171471500	Chimp_hyper_ND	Human-specific	486	5	24.7139455170666	0.4803	0.4145	0.742	0.3773	0.9312	0.8145	7.02338547511571e-09	0.0204765477696672	0.000831532588629102
chr12	130643992	130644348	Chimp_hyper_ND	Human-specific	357	6	24.6306545493898	0.4187	0.411	0.6957	0.4263	0.864	0.3971	1.08249018440003e-05	2.02459970639597e-06	1.07019889306333e-27
chr13	59972541	59972965	Chimp_hyper_ND	Human-specific	425	4	24.5939342827631	0.4617	0.1336	0.7583	0.1593	0.6246	0.0716	5.90108287441663e-11	0.00336067066359931	1.33818277566705e-29
chr5	134892902	134893026	Chimp_hyper_ND	Human-specific	125	5	24.562786622805	0.4612	0.0847	0.8006	0.1268	0.7923	0.0383	5.46394705182705e-12	0.000868402882043745	2.44922980256721e-29
chr7	101813778	101814365	Chimp_hyper_ND	Human-specific	588	8	24.4586339220559	0.6622	0.7315	0.8321	0.5817	0.9146	0.7052	6.8722010932276e-18	0.916576177187011	6.43360164937792e-26
chr1	83031241	83031748	Chimp_hyper_ND	Human-specific	508	4	24.3252407384386	0.4156	0.3192	0.9413	0.6511	0.9582	0.7445	1.15886300434172e-15	0.382967383203645	1.26906064650233e-15
chr16	78703776	78703983	Chimp_hyper_ND	Human-specific	208	5	24.2505259091638	0.4147	0.3635	0.7909	0.483	0.9452	0.7138	1.45044853140844e-07	0.501827899983813	1.78798071193118e-08
chr16	48160814	48161426	Chimp_hyper_ND	Human-specific	613	4	24.1991621230413	0.552	0.685	0.773	0.538	0.9315	0.6931	1.40317666970282e-16	1.81968051025279e-05	3.03216761243429e-61
chr5	126780899	126781225	Chimp_hyper_ND	Human-specific	327	5	24.1789532737722	0.6165	0.3626	0.8411	0.3217	0.9363	0.5535	4.41340099115435e-08	0.110004202575943	0.00046549542764463
chr9	991591	991810	Chimp_hyper_ND	Human-specific	220	5	24.1610407852083	0.6874	0.7217	0.8378	0.6792	0.9215	0.7717	3.52574032642197e-07	0.207932681526683	1.87664536268244e-06
chr5	168477936	168478206	Chimp_hyper_ND	Human-specific	271	4	23.9952203590173	0.6666	0.7383	0.8243	0.5858	0.8514	0.582	3.12390332159432e-15	0.697020563491527	2.14173242847549e-19
chr3	110672492	110673265	Chimp_hyper_ND	Human-specific	774	4	23.8757398822827	0.584	0.3982	0.839	0.3708	0.8991	0.6277	1.61512110799925e-09	0.0455650745861121	0.0023463876490062
chr4	3045532	3045901	Chimp_hyper_ND	Human-specific	370	5	23.6804236681548	0.7251	0.5826	0.8696	0.4854	0.947	0.528	1.92751762577856e-08	1.09549425771359e-06	6.95700243729083e-29
chr3	36566981	36567559	Chimp_hyper_ND	Human-specific	579	4	23.6298257921556	0.6534	0.7287	0.906	0.7023	0.9391	0.6817	6.21527926653912e-22	0.00145729323502151	1.11268443736506e-56
chr13	97729312	97729542	Chimp_hyper_ND	Human-specific	231	5	23.5248114903688	0.7606	0.7393	0.9209	0.6974	0.9304	0.8136	5.05316174522307e-09	0.0210054892394034	3.54463279039784e-05
chr7	29523160	29523574	Chimp_hyper_ND	Human-specific	415	5	23.4773314451838	0.357	0.1627	0.709	0.1883	0.661	0.1766	2.41869623670809e-06	0.497466933744413	4.35395298204318e-05
chr13	51814920	51815487	Chimp_hyper_ND	Human-specific	568	5	23.2719195001307	0.5252	0.5807	0.7728	0.6558	0.8872	0.4766	9.84694067921961e-09	4.18418919420896e-15	1.41812888886567e-42
chr4	11871166	11871513	Chimp_hyper_ND	Human-specific	348	4	23.1354006817646	0.7123	0.4754	0.9094	0.3261	0.9157	0.4262	8.69928345311017e-16	0.562293162584724	5.06857284098984e-10
chr22	43084636	43084766	Chimp_hyper_ND	Human-specific	131	5	23.0990007370685	0.4105	0.12	0.7726	0.2338	0.691	0.0726	5.76071579111178e-07	0.0184969170471573	1.19959843172589e-14
chr8	127845875	127846193	Chimp_hyper_ND	Human-specific	319	6	23.0526077323647	0.5986	0.3305	0.7478	0.2435	0.9151	0.2352	9.44900783789795e-07	1.36774716788265e-05	1.9453089868284e-38
chr8	102281413	102281661	Chimp_hyper_ND	Human-specific	249	4	22.9940321763479	0.2025	0.1115	0.4277	0.0614	0.583	0.1798	8.55100811702166e-12	0.290158761567753	5.0795179639737e-18
chr5	10857129	10857333	Chimp_hyper_ND	Human-specific	205	6	22.7389112877079	0.0155	0.0135	0.1786	0.0336	0.3803	0.079	1.18611110695453e-07	0.269204896679635	2.86476991016951e-12
chr7	19185892	19186049	Chimp_hyper_ND	Human-specific	158	4	22.7108913000616	0.0614	0.0731	0.3062	0.0962	0.2082	0.047	1.55622047275521e-13	0.571103964439454	1.58018018062257e-12
chr15	96412716	96413272	Chimp_hyper_ND	Human-specific	557	6	22.6623944756733	0.5385	0.6081	0.7748	0.6136	0.8392	0.7331	6.53427003983639e-09	0.0293404564897861	0.000218687497969371
chr4	186808517	186808630	Chimp_hyper_ND	Human-specific	114	5	22.6481131583402	0.7509	0.5054	0.8654	0.3926	0.9314	0.4811	8.57822671232936e-06	0.614324807502405	1.30145362789104e-07
chr2	107790883	107790949	Chimp_hyper_ND	Human-specific	67	5	22.5979921773688	0.5415	0.0872	0.9272	0.1654	0.7987	0.0672	1.23200140058227e-06	0.738552395594348	1.17192608465949e-07
chr6	15842322	15843185	Chimp_hyper_ND	Human-specific	864	5	22.4431955031851	0.6449	0.6443	0.887	0.665	0.9414	0.5987	6.27550645280127e-08	4.16587481378235e-08	8.82126973043382e-28
chr6	71667464	71667638	Chimp_hyper_ND	Human-specific	175	5	22.4262462527243	0.5304	0.6211	0.7767	0.5832	0.8729	0.5491	1.82051461912173e-09	0.00498884150256478	2.71819558004581e-16
chr12	130642000	130642688	Chimp_hyper_ND	Human-specific	689	5	22.3595440698416	0.3494	0.2502	0.7921	0.3488	0.7734	0.3289	4.11665454628167e-13	0.957813693412038	4.13536071959259e-13
chr3	171152847	171155058	Chimp_hyper_ND	Human-specific	2212	6	22.3475259097183	0.5881	0.5498	0.8372	0.65	0.9159	0.7342	8.60118836308656e-05	0.4569762422887	4.33400588574519e-10
chr6	112171604	112171741	Chimp_hyper_ND	Human-specific	138	6	22.3209202025205	0.5803	0.0733	0.7905	0.0976	0.7569	0.0225	1.32083839253672e-05	0.0193885271550301	5.01818877265907e-11
chr16	4102852	4103048	Chimp_hyper_ND	Human-specific	197	5	22.2972833926833	0.5263	0.0287	0.7655	0.0613	0.8637	0.0106	1.47483743715424e-05	0.000104497586277661	7.4261072533499e-24
chr2	223156814	223157050	Chimp_hyper_ND	Human-specific	237	5	22.2775859676569	0.2934	0.2964	0.7461	0.478	0.8257	0.5632	5.37315310584899e-10	0.900234985467214	4.63570897014758e-13
chr9	115543017	115543255	Chimp_hyper_ND	Human-specific	239	5	22.2570652291218	0.4564	0.3315	0.6413	0.1878	0.753	0.0439	6.31984956903679e-08	2.23672366592898e-07	1.39839616897795e-31
chr8	106332259	106332790	Chimp_hyper_ND	Human-specific	532	6	22.1924785979982	0.4019	0.2298	0.53	0.1802	0.5835	0.2356	0.000109407259306451	0.99296388534321	3.39371347118729e-05
chr8	83434714	83435550	Chimp_hyper_ND	Human-specific	837	5	22.1818780970232	0.7308	0.662	0.8838	0.6577	0.8394	0.6928	0.00176685464376559	0.0546268105800213	0.0226024523521356
chr8	97535910	97536114	Chimp_hyper_ND	Human-specific	205	5	22.1616381102473	0.5767	0.2332	0.76	0.2033	0.9198	0.531	2.926096781821e-06	0.0279526858106357	0.0122117967127599
chr2	201076116	201076591	Chimp_hyper_ND	Human-specific	476	4	22.1556519376798	0.5906	0.3303	0.9238	0.4339	0.8966	0.3021	2.11695360892412e-07	0.0735118312048825	1.13018464186754e-08
chr3	124838541	124840296	Chimp_hyper_ND	Human-specific	1756	4	22.0380461680494	0.1314	0.0961	0.6384	0.3972	0.8882	0.1191	2.72170080966738e-06	2.05924914888389e-47	1.27908604458223e-196
chr10	77910590	77910863	Chimp_hyper_ND	Human-specific	274	7	22.0193154282343	0.6058	0.1348	0.7932	0.1111	0.9117	0.3214	3.1657387974281e-07	0.0749323362638505	4.90492628889381e-05
chr11	17740514	17740593	Chimp_hyper_ND	Human-specific	80	7	22.0095728033405	0.3931	0.0173	0.5569	0.0029	0.6161	0.0485	1.67512365469324e-06	0.027324869401803	0.0086032334554153
chr16	10476098	10476642	Chimp_hyper_ND	Human-specific	545	4	21.9394440785847	0.5879	0.6957	0.8873	0.756	0.8362	0.6188	8.1198779399658e-12	0.0534530135456426	4.97996495554316e-18
chr2	53294257	53295161	Chimp_hyper_ND	Human-specific	905	4	21.8665402365719	0.4953	0.574	0.7113	0.5951	0.7743	0.5442	0.0100794180647136	0.000124988530193037	1.50880563399996e-19
chr12	102334404	102335070	Chimp_hyper_ND	Human-specific	667	6	21.7263431317206	0.7441	0.7686	0.9223	0.7568	0.946	0.7196	7.84419663571368e-09	2.51789644918514e-05	2.80468730024053e-26
chr14	86228081	86228631	Chimp_hyper_ND	Human-specific	551	4	21.6423371081878	0.6225	0.3076	0.8462	0.3366	0.8206	0.2393	6.07497674839069e-05	0.0641147987471589	3.22918110106268e-10
chr20	20188096	20188247	Chimp_hyper_ND	Human-specific	152	5	21.5174777517358	0.5984	0.0961	0.8297	0.1199	0.8692	0.0643	2.49683042274101e-05	0.000939762013116207	2.46521840547522e-13
chr14	91846407	91846740	Chimp_hyper_ND	Human-specific	334	6	21.4843791981413	0.6636	0.1553	0.7901	0.0856	0.9119	0.0459	2.70729694605749e-05	0.000314884486443098	5.19549176155431e-29
chr16	75894495	75894775	Chimp_hyper_ND	Human-specific	281	5	21.4480902580616	0.1005	0.0376	0.3913	0.0826	0.6153	0.1766	9.69239510307171e-05	0.0781794023204695	1.0282795669721e-10
chr5	4173222	4173369	Chimp_hyper_ND	Human-specific	148	4	21.2462451353336	0.7015	0.575	0.8478	0.4623	0.8892	0.4614	4.63375094466981e-09	0.0432271336131889	5.50857147452594e-16
chr17	57415821	57416164	Chimp_hyper_ND	Human-specific	344	4	21.2408491473939	0.5864	0.4077	0.8574	0.4167	0.8829	0.4364	4.24410742250285e-05	0.235695580602371	1.96894869305987e-08
chr2	9319445	9319552	Chimp_hyper_ND	Human-specific	108	5	21.187153578328	0.2928	0.0391	0.5585	0.048	0.6947	0.0523	3.10102002785831e-06	0.140194669106783	8.02984893435438e-11
chr3	69462681	69462959	Chimp_hyper_ND	Human-specific	279	4	21.1823216128962	0.3126	0.2237	0.7087	0.2146	0.7779	0.5515	1.65743913612001e-14	0.000160446341946486	2.08019833352512e-06
chr16	75975312	75975692	Chimp_hyper_ND	Human-specific	381	5	21.1476606251812	0.7226	0.4252	0.8996	0.405	0.93	0.4043	5.32496941566597e-06	0.0233442626315022	5.77046930494735e-18
chr4	1508773	1508925	Chimp_hyper_ND	Human-specific	153	6	21.1168059386559	0.6841	0.0399	0.9099	0.0733	0.8591	0.034	0.000129582411814987	0.607514899920573	6.18295847347675e-06
chr10	115373917	115374072	Chimp_hyper_ND	Human-specific	156	4	20.9891237151015	0.5538	0.0828	0.8796	0.0846	0.8607	0.0206	3.32182993347812e-07	0.233658564596999	1.1108770629911e-17
chr21	36519249	36520167	Chimp_hyper_ND	Human-specific	919	6	20.8476159896273	0.5808	0.3869	0.7869	0.4454	0.9322	0.6134	1.44704012525026e-05	0.5281060199311	6.32919468062211e-06
chr3	55162486	55162833	Chimp_hyper_ND	Human-specific	348	4	20.740986666354	0.6805	0.4374	0.8217	0.3306	0.9171	0.5331	1.75526257219463e-13	0.149675820786444	2.58504653799208e-07
chr2	50934628	50935036	Chimp_hyper_ND	Human-specific	409	5	20.6983199308152	0.4116	0.4209	0.7719	0.6067	0.7512	0.4546	5.12171922615513e-12	0.00115454608125911	1.92528776716505e-16
chr7	53016617	53017430	Chimp_hyper_ND	Human-specific	814	5	20.674287472082	0.6689	0.689	0.7844	0.6576	0.9301	0.6375	0.000203139018858277	3.39940118446014e-11	1.19350306888718e-24
chr3	61727750	61728006	Chimp_hyper_ND	Human-specific	257	4	20.67087701744	0.4179	0.437	0.7938	0.547	0.6572	0.5176	1.81107206376309e-06	0.0284560794575962	0.00220598984517485
chr19	33304917	33305195	Chimp_hyper_ND	Human-specific	279	6	20.6222717012684	0.1971	0.065	0.5613	0.1793	0.9295	0.5459	0.000223776568026523	0.115190566265195	5.21281826829606e-10
chr1	48936591	48936694	Chimp_hyper_ND	Human-specific	104	4	20.6027273904824	0.3621	0.1125	0.6095	0.0594	0.8399	0.1212	3.67785897236689e-11	0.00716995476187115	3.08687721028255e-25
chr5	157630125	157630633	Chimp_hyper_ND	Human-specific	509	4	20.5821675518822	0.3741	0.446	0.8521	0.6285	0.8977	0.7427	3.61942139078618e-13	0.781994791001642	2.04090847476417e-08
chr7	47618548	47618644	Chimp_hyper_ND	Human-specific	97	6	20.581529340453	0.6514	0.6469	0.8783	0.6537	0.9282	0.7701	0.00035641396184116	0.838760839198311	0.000262689222126645
chr1	172328377	172329861	Chimp_hyper_ND	Human-specific	1485	5	20.505299335794	0.4183	0.2584	0.703	0.2515	0.664	0.3054	3.60954299100451e-17	0.0934676291970189	7.35900732605448e-07
chr4	88172364	88172558	Chimp_hyper_ND	Human-specific	195	4	20.4837984236341	0.5669	0.0454	0.8667	0.0434	0.8078	0.0156	1.6763314908688e-07	0.870650519908113	2.43281773675518e-09
chr2	3802190	3802313	Chimp_hyper_ND	Human-specific	124	5	20.4036730773011	0.5605	0.5922	0.9386	0.7828	0.9527	0.8123	3.25060659026798e-08	0.876840690439165	6.33432806740574e-08
chr4	154082326	154083124	Chimp_hyper_ND	Human-specific	799	4	20.3839343111442	0.4439	0.1242	0.7231	0.1496	0.8666	0.1408	1.65076675929531e-06	1.2445935149437e-06	6.62046434651049e-29
chr6	164506404	164506581	Chimp_hyper_ND	Human-specific	178	5	20.3530649868986	0.5539	0.0294	0.8023	0.0264	0.733	0.0184	6.41508863711504e-05	0.407377430718335	0.00223761157184432
chr13	36273940	36274101	Chimp_hyper_ND	Human-specific	162	4	20.2019896989056	0.5203	0.3476	0.7658	0.3492	0.7485	0.3232	1.11704667805347e-06	0.431141515777603	3.86801093194692e-06
chr9	137426267	137426816	Chimp_hyper_ND	Human-specific	550	5	20.1847514468137	0.5678	0.0824	0.6984	0.0782	0.8304	0.1397	0.000675578663599768	0.254024531917492	4.18752768887092e-09
chr13	51803302	51803525	Chimp_hyper_ND	Human-specific	224	5	19.9604270723835	0.4131	0.2696	0.5896	0.1109	0.6771	0.0452	2.01338845617428e-06	0.000709902075272374	2.01912395147202e-13
chr12	106399736	106400424	Chimp_hyper_ND	Human-specific	689	4	19.8501423176758	0.5859	0.6252	0.8674	0.7255	0.9548	0.7424	0.000138502418566946	0.00258264947615722	4.45252696986729e-10
chr4	145274778	145275137	Chimp_hyper_ND	Human-specific	360	5	19.6981468859996	0.3578	0.1481	0.5858	0.1505	0.5447	0.1358	2.08466349600384e-05	0.642111278064244	6.07025173540114e-06
chr1	236653155	236653653	Chimp_hyper_ND	Human-specific	499	6	19.6472368047543	0.3264	0.3143	0.5349	0.3465	0.4319	0.2897	3.37662068868791e-06	0.622625859496009	0.000103991597696249
chr19	34359334	34359614	Chimp_hyper_ND	Human-specific	281	5	19.6197909170768	0.082	0.0836	0.194	0.0696	0.4009	0.1222	3.44935966931819e-08	0.00179225944108938	4.67435170412592e-31
chr4	157863234	157863418	Chimp_hyper_ND	Human-specific	185	4	19.5614907260874	0.4206	0.1604	0.7616	0.1712	0.6452	0.0796	9.86144765591734e-15	0.463665063088083	4.48215303641444e-24
chr4	3265528	3265632	Chimp_hyper_ND	Human-specific	105	5	19.5068945266437	0.8161	0.885	0.9251	0.8088	0.9417	0.7759	1.22180491196776e-17	0.0553407783017879	1.18577191610654e-35
chr2	197832009	197832140	Chimp_hyper_ND	Human-specific	132	5	19.3980054544151	0.2452	0.0722	0.4617	0.0471	0.8055	0.1032	9.76766510063451e-07	1.0082423775571e-05	1.70685080868406e-25
chr21	17657950	17658492	Chimp_hyper_ND	Human-specific	543	5	19.3915295528344	0.5311	0.0769	0.7764	0.1173	0.7504	0.0403	3.70700581818222e-05	0.0275088207490696	6.09348488124004e-12
chr9	21403283	21403442	Chimp_hyper_ND	Human-specific	160	5	19.3887463459265	0.5131	0.1185	0.8476	0.1379	0.8145	0.1899	6.52521874621161e-05	0.111513247321375	0.00290483692244791
chr14	57431802	57432052	Chimp_hyper_ND	Human-specific	251	4	19.3459666146125	0.4242	0.1166	0.6496	0.1119	0.6299	0.0413	3.96138467457825e-07	0.00129059903059913	4.56404648360883e-25
chr4	57547999	57548245	Chimp_hyper_ND	Human-specific	247	5	19.3050409345547	0.3248	0.0375	0.493	0.0272	0.4451	0.0223	1.79664122227137e-05	0.285300104942841	0.00267171821167555
chr17	64825957	64826186	Chimp_hyper_ND	Human-specific	230	5	19.1228122915515	0.6877	0.0125	0.8726	0.0091	0.871	0.0094	2.57652815704278e-05	0.977571001757171	9.25251947649268e-07
chr15	86163227	86163506	Chimp_hyper_ND	Human-specific	280	4	19.1012047023144	0.4399	0.3691	0.7192	0.3886	0.7435	0.3795	4.28203933936191e-05	0.51632464475229	2.00365712025881e-07
chr14	56606206	56606770	Chimp_hyper_ND	Human-specific	565	4	19.0563976054094	0.7716	0.8151	0.8758	0.7183	0.9395	0.8331	2.48913435796952e-09	0.648116508506504	1.56805948587033e-08
chr8	41702202	41702440	Chimp_hyper_ND	Human-specific	239	4	19.0519322434469	0.3197	0.4099	0.6351	0.3394	0.8628	0.1469	1.14379214952001e-08	3.94570534760781e-08	3.6953804878803e-103
chr6	163940056	163940555	Chimp_hyper_ND	Human-specific	500	4	19.0414782446155	0.5062	0.0656	0.7615	0.0632	0.8792	0.0485	1.6265509820657e-08	0.000119885086799131	1.29754183343104e-28
chr20	61731491	61731607	Chimp_hyper_ND	Human-specific	117	6	18.9125137464735	0.2045	0.0374	0.357	0.0193	0.411	0.0905	7.92380150701538e-05	0.0429892068550184	0.0215269717926273
chr10	127799078	127799643	Chimp_hyper_ND	Human-specific	566	4	18.9041248167382	0.4893	0.5006	0.6399	0.3738	0.7799	0.3224	4.32400240749145e-08	4.02258592645955e-08	2.98893861389652e-24
chr14	74617648	74617896	Chimp_hyper_ND	Human-specific	249	4	18.8717605721362	0.6355	0.7461	0.866	0.6967	0.842	0.5555	5.30315213273958e-12	0.0311854113951407	4.22512986608931e-18
chr17	30234595	30234910	Chimp_hyper_ND	Human-specific	316	4	18.845757735788	0.3381	0.0611	0.4497	0.0472	0.5514	0.0762	0.000264587615418576	0.208764599780711	1.48414588038626e-08
chr3	193705159	193705257	Chimp_hyper_ND	Human-specific	99	4	18.8095221952091	0.3135	0.0439	0.6745	0.0882	0.6915	0.1516	2.11823846860616e-06	0.397871202848172	0.00208196217683772
chr18	3453837	3454017	Chimp_hyper_ND	Human-specific	181	5	18.7721873323051	0.1798	0.177	0.6893	0.4566	0.8212	0.5973	6.94852567842101e-09	0.731178751138523	6.84159044730389e-14
chr8	128171372	128171534	Chimp_hyper_ND	Human-specific	163	5	18.7358248155734	0.5999	0.0376	0.7443	0.0306	0.7372	0.0424	9.09424171419939e-08	0.302610492418268	4.88602026321802e-05
chr2	198540173	198540569	Chimp_hyper_ND	Human-specific	397	5	18.6973149575314	0.4796	0.0166	0.5852	0.0115	0.7457	0.0358	1.04499474663498e-05	0.012571869921311	3.48498566953489e-10
chr9	112934812	112934868	Chimp_hyper_ND	Human-specific	57	4	18.5901528111523	0.5097	0.0364	0.8454	0.0363	0.8506	0.0252	9.65752786904775e-07	0.664557589027289	5.71850514967821e-11
chr1	156629345	156629431	Chimp_hyper_ND	Human-specific	87	4	18.5801090306069	0.4554	0.5166	0.6931	0.502	0.7198	0.4471	2.26490670045098e-05	0.244634448600892	2.93500288954556e-08
chr18	59733195	59733657	Chimp_hyper_ND	Human-specific	463	4	18.502315898795	0.743	0.7926	0.9204	0.7116	0.93	0.6241	7.6255083488781e-13	0.000472815712355765	3.24353976108892e-17
chr18	74819260	74819610	Chimp_hyper_ND	Human-specific	351	4	18.4132086211732	0.4959	0.5227	0.7399	0.511	0.8834	0.6569	1.71876153953988e-09	0.499293071150974	4.58327550426865e-17
chr13	106741655	106741891	Chimp_hyper_ND	Human-specific	237	5	18.3816426674335	0.5348	0.0594	0.666	0.0361	0.6859	0.0255	0.0011042402038527	0.260693756313177	1.0184979362798e-05
chr4	175444268	175444482	Chimp_hyper_ND	Human-specific	215	4	18.2970567420612	0.2478	0.1439	0.4707	0.1388	0.9108	0.4901	5.87457229767126e-07	0.000332264188351751	3.58846178008762e-24
chr7	29528431	29529349	Chimp_hyper_ND	Human-specific	919	4	18.2438095125046	0.5008	0.2611	0.76	0.3429	0.7474	0.3224	0.0198810013596421	0.496692719469545	0.00867041045368205
chr7	11856746	11856910	Chimp_hyper_ND	Human-specific	165	4	18.2325384851769	0.2925	0.2938	0.449	0.1901	0.7823	0.4446	2.98568385156433e-11	0.102250005176044	3.32088933287115e-16
chr14	52746009	52746428	Chimp_hyper_ND	Human-specific	420	4	18.2073297539592	0.6985	0.7619	0.9117	0.7802	0.9148	0.7825	1.24375112884996e-09	0.0216285727416711	1.1096928356846e-30
chr12	90981899	90982944	Chimp_hyper_ND	Human-specific	1046	4	18.2018824991031	0.6119	0.5686	0.9014	0.6804	0.9701	0.63	7.57330988840394e-13	5.27462438735084e-11	1.21172927301093e-36
chr5	159226893	159226981	Chimp_hyper_ND	Human-specific	89	5	18.1492488764851	0.6515	0.096	0.8423	0.1416	0.88	0.1587	0.00132884340053159	0.706515824332446	3.30434053250473e-05
chr15	53064736	53065264	Chimp_hyper_ND	Human-specific	529	4	18.1486537943041	0.5574	0.2593	0.7867	0.2601	0.8575	0.3078	2.79548114362804e-07	0.048321799573462	2.97930510737579e-15
chr9	95997630	95997779	Chimp_hyper_ND	Human-specific	150	5	18.1011103772182	0.2042	0.1022	0.4712	0.163	0.5372	0.0462	0.0174920506285808	0.00539148031491262	9.42706008671838e-15
chr10	127590864	127591222	Chimp_hyper_ND	Human-specific	359	4	17.8990116050738	0.681	0.5352	0.9168	0.5637	0.9176	0.6927	1.35427700425494e-10	0.00114412438568236	0.000101013267227248
chr5	169159313	169159535	Chimp_hyper_ND	Human-specific	223	4	17.8804820663308	0.7412	0.7742	0.882	0.7394	0.9483	0.7184	1.66632103150088e-10	1.30944268094147e-05	2.13103400984311e-24
chr10	14049965	14050718	Chimp_hyper_ND	Human-specific	754	4	17.8403203114445	0.1961	0.1304	0.3492	0.0779	0.6026	0.1238	7.12280311182494e-06	0.00519790623660765	8.37873264266957e-22
chr11	26775281	26775491	Chimp_hyper_ND	Human-specific	211	4	17.7980985578616	0.1865	0.0083	0.3322	0.0135	0.2825	0.0033	1.09309149658538e-06	0.263729166730559	1.77333738991751e-05
chr7	29525162	29525320	Chimp_hyper_ND	Human-specific	159	4	17.7767445377606	0.3942	0.2401	0.6148	0.1932	0.5672	0.1934	3.63643985858967e-05	0.437528434479959	0.00174205307872953
chr12	10342408	10342880	Chimp_hyper_ND	Human-specific	473	4	17.6945874347295	0.555	0.611	0.8665	0.6986	0.8778	0.7731	1.75961225118978e-07	0.77371152708569	1.30450879791355e-05
chr16	86273145	86273328	Chimp_hyper_ND	Human-specific	184	4	17.6599671923906	0.598	0.1462	0.7518	0.0922	0.8444	0.164	1.20571320772642e-08	0.816602269580999	1.37124307961172e-10
chr4	146220428	146220776	Chimp_hyper_ND	Human-specific	349	4	17.606510775912	0.5398	0.1659	0.7264	0.1328	0.7754	0.2413	8.81526055534197e-07	0.0208550344651074	0.000151954922310353
chr1	71694821	71694908	Chimp_hyper_ND	Human-specific	88	4	17.6057048438386	0.7551	0.5893	0.9404	0.6029	0.9679	0.698	3.83326563607952e-11	0.472625743708304	3.19250211969682e-07
chr5	4661620	4661685	Chimp_hyper_ND	Human-specific	66	5	17.568115487531	0.783	0.5928	0.9368	0.6024	0.9615	0.6732	0.000221678869963464	0.464345350594113	0.00145324678971774
chr3	127178021	127178134	Chimp_hyper_ND	Human-specific	114	4	17.4552021437591	0.631	0.0875	0.8426	0.0362	0.8038	0.0647	2.72205836316855e-09	0.0335011925891074	1.00762530597387e-08
chr1	24085819	24086058	Chimp_hyper_ND	Human-specific	240	4	17.4218614743529	0.0375	0.0439	0.2403	0.041	0.6488	0.0286	6.34386150818741e-09	2.67764548452294e-14	1.76783406732147e-47
chr7	121597570	121598175	Chimp_hyper_ND	Human-specific	606	4	17.4071617180691	0.5882	0.6492	0.7927	0.6251	0.8368	0.7101	6.51299554793606e-05	0.986166294338499	1.25307495233135e-08
chr2	236830244	236830576	Chimp_hyper_ND	Human-specific	333	4	17.3691894614485	0.3062	0.2592	0.6462	0.3546	0.8586	0.6779	2.01986858447863e-06	0.203147489723637	8.01659259291439e-05
chr5	97027043	97027478	Chimp_hyper_ND	Human-specific	436	4	17.3549531503386	0.7867	0.75	0.9336	0.7858	0.906	0.6598	1.07169617523317e-05	0.00486988748955772	1.40204867280341e-07
chr10	102444483	102444626	Chimp_hyper_ND	Human-specific	144	4	17.3316977086297	0.2012	0.0318	0.4929	0.0439	0.5434	0.0454	3.27651011316032e-08	0.514746698661355	2.58485324178089e-12
chr12	106218440	106219008	Chimp_hyper_ND	Human-specific	569	5	17.2987821072418	0.5929	0.605	0.8361	0.7335	0.8394	0.6197	0.00825838354532904	0.00189524199130272	6.1740786926641e-09
chr6	52505047	52505173	Chimp_hyper_ND	Human-specific	127	4	17.2611532862642	0.5663	0.0352	0.9328	0.1039	0.8359	0.0111	1.20795347801145e-07	0.532957552451806	3.06343424088272e-14
chr7	51357103	51357560	Chimp_hyper_ND	Human-specific	458	4	17.2297419770737	0.1317	0.0482	0.3978	0.0668	0.7223	0.3612	1.1765646283941e-08	0.194709864216587	7.99084531687892e-07
chr16	26328374	26328566	Chimp_hyper_ND	Human-specific	193	4	17.2287176525071	0.5689	0.5945	0.8193	0.658	0.7893	0.4789	0.000988162949013732	0.00250374376159463	2.02178484933109e-14
chr3	39218670	39218964	Chimp_hyper_ND	Human-specific	295	4	17.1433051204639	0.1705	0.0422	0.3584	0.0521	0.706	0.1534	2.08640223337583e-08	0.000136779281144633	4.19276296105625e-22
chr9	113078730	113079259	Chimp_hyper_ND	Human-specific	530	4	17.1190466586194	0.662	0.4813	0.9291	0.5827	0.8686	0.3288	3.71761113304805e-06	3.24226427874263e-09	2.21744210571328e-24
chr8	74283007	74283272	Chimp_hyper_ND	Human-specific	266	5	17.0803948654696	0.1677	0.0893	0.2905	0.0318	0.4192	0.1367	0.00279742989335433	0.171056898516106	0.0218581780026064
chr6	123101544	123102386	Chimp_hyper_ND	Human-specific	843	4	17.0564129605257	0.7045	0.6891	0.8632	0.7282	0.8866	0.6769	0.0013941759670569	0.0266498012506194	2.32366227727629e-07
chr4	6931469	6931767	Chimp_hyper_ND	Human-specific	299	4	16.9054994257479	0.3868	0.3494	0.7109	0.3747	0.7448	0.2329	3.76486849410928e-05	0.0505116848819644	8.22062588741327e-11
chr5	3277416	3278065	Chimp_hyper_ND	Human-specific	650	4	16.8998629157357	0.5417	0.4446	0.8858	0.6597	0.8564	0.6134	5.49226724800593e-05	0.401735103378406	8.7955385529995e-06
chr1	216227935	216228239	Chimp_hyper_ND	Human-specific	305	5	16.8771648256729	0.3513	0.0793	0.5586	0.0922	0.5057	0.0781	0.00215197426446717	0.629485566123539	0.000593498542053311
chr12	16941846	16942123	Chimp_hyper_ND	Human-specific	278	4	16.8383343496242	0.6295	0.3325	0.8619	0.3927	0.8216	0.281	1.7681073513735e-09	0.704006169643426	1.61701233605882e-09
chr10	90742164	90742803	Chimp_hyper_ND	Human-specific	640	4	16.8285507397135	0.5702	0.6415	0.7171	0.5731	0.8694	0.4943	4.32268744435976e-07	2.58166506273792e-10	4.06025048245061e-37
chr1	90749504	90749593	Chimp_hyper_ND	Human-specific	90	4	16.8273793952175	0.8369	0.6183	0.9385	0.5976	0.9444	0.5697	1.77578296966787e-08	0.93688678512348	4.57272919160492e-08
chr16	65093758	65093958	Chimp_hyper_ND	Human-specific	201	5	16.7374758808283	0.4475	0.0991	0.6432	0.0753	0.6311	0.0214	0.00099854198639736	0.232019497104974	1.02084042407699e-07
chr10	45899585	45899839	Chimp_hyper_ND	Human-specific	255	4	16.5126098745094	0.6936	0.6874	0.8008	0.6003	0.8933	0.6997	2.28277198277592e-07	0.965445769260301	1.19824291148481e-06
chr1	39254812	39254917	Chimp_hyper_ND	Human-specific	106	4	16.29128042851	0.7654	0.8174	0.9134	0.7997	0.9127	0.7952	6.69472504305925e-11	0.828201343751842	2.21823555998067e-11
chr2	129990351	129991517	Chimp_hyper_ND	Human-specific	1167	4	16.0497984278276	0.6785	0.2096	0.8939	0.264	0.8354	0.1676	2.07794074731704e-06	0.303788850130496	1.07190473302898e-13
chr17	37320670	37320874	Chimp_hyper_ND	Human-specific	205	4	16.0151717039333	0.1333	0.1455	0.3993	0.2513	0.3558	0.1215	1.60754760491324e-06	3.08190625737253e-05	5.27721756926257e-19
chr2	11024827	11025321	Chimp_hyper_ND	Human-specific	495	4	15.9563435910111	0.4515	0.5068	0.841	0.6863	0.7594	0.2655	5.01358492545355e-05	2.9898495889824e-12	5.98594678641828e-35
chr3	39542236	39543339	Chimp_hyper_ND	Human-specific	1104	4	15.5965696054503	0.5612	0.403	0.8247	0.3653	0.7688	0.3163	1.40257414629604e-09	0.989874742572718	5.56771268795579e-11
chr6	134492178	134492300	Chimp_hyper_ND	Human-specific	123	4	15.5432476357751	0.4929	0.1441	0.7384	0.1093	0.7472	0.0808	0.000926848860499118	0.82940490157656	3.13405454690195e-05
chr11	14929752	14930020	Chimp_hyper_ND	Human-specific	269	4	15.3567569232105	0.2556	0.3175	0.5653	0.4081	0.951	0.7051	2.41131580276411e-05	1.1517586806591e-05	2.68602672374343e-12
chr19	30727141	30727308	Chimp_hyper_ND	Human-specific	168	4	15.3173408956485	0.0781	0.0314	0.2715	0.0362	0.384	0.0205	4.83244517795152e-06	0.018993447477509	3.49418881217388e-15
chr6	89894332	89894406	Chimp_hyper_ND	Human-specific	75	4	15.3133045085661	0.73	0.8108	0.9073	0.7759	0.9425	0.8365	5.03323957458312e-05	0.791478023687901	0.000213520058194904
chr10	24539024	24539320	Chimp_hyper_ND	Human-specific	297	4	15.2619294177604	0.4883	0.4419	0.7926	0.5396	0.8617	0.4186	4.31801490843518e-07	0.000508431407789038	4.90901463077709e-19
chr20	48567680	48568014	Chimp_hyper_ND	Human-specific	335	4	15.2349164220014	0.6926	0.4548	0.9222	0.5168	0.8185	0.3473	1.99164032580076e-06	0.52314609655149	4.82305518651524e-10
chr1	81932662	81933123	Chimp_hyper_ND	Human-specific	462	4	15.2290738941316	0.7659	0.8012	0.87	0.6986	0.8917	0.7598	1.28441574584753e-12	0.567609815024994	2.06598123414894e-08
chr10	125168375	125168910	Chimp_hyper_ND	Human-specific	536	4	15.0932778107979	0.6584	0.6868	0.8028	0.6613	0.8763	0.5675	4.27102625435168e-07	3.97271529922622e-06	1.93947688909058e-18
chr13	51801416	51802134	Chimp_hyper_ND	Human-specific	719	4	15.0622264820722	0.6952	0.2997	0.8588	0.2649	0.8477	0.3129	1.60955720692928e-07	0.75133503609761	9.47723172905561e-09
chr2	54587261	54587433	Chimp_hyper_ND	Human-specific	173	4	14.9771753828537	0.3238	0.0261	0.5109	0.0141	0.9368	0.0688	3.69668049933992e-05	1.70160263478413e-10	2.65539685918825e-32
chr7	28590737	28591312	Chimp_hyper_ND	Human-specific	576	4	14.8549180915884	0.6317	0.6199	0.7999	0.6408	0.7881	0.6384	3.74230732296447e-05	0.966304669090488	8.10768772847146e-06
chr11	117407787	117409840	Chimp_hyper_ND	Human-specific	2054	4	14.7014710805383	0.6053	0.6257	0.8066	0.6009	0.8154	0.6724	9.87205129498237e-09	0.0676339114509415	5.24560898458002e-08
chr2	65731478	65731539	Chimp_hyper_ND	Human-specific	62	4	14.5770818884521	0.4172	0.3421	0.5757	0.2531	0.5412	0.2501	0.000293151228110567	0.960287219265888	4.44067225430039e-06
chr4	13523716	13523964	Chimp_hyper_ND	Human-specific	249	4	14.5496553143248	0.2894	0.102	0.4946	0.1295	0.5018	0.1652	0.00143657618249564	0.768766175351913	0.000104333384635554
chr21	36277493	36277728	Chimp_hyper_ND	Human-specific	236	4	14.4932163277635	0.2779	0.2153	0.5512	0.2801	0.6591	0.3721	1.83891964649665e-05	0.534296939587304	1.43660633494619e-08
chr18	74689760	74689819	Chimp_hyper_ND	Human-specific	60	4	14.468055465251	0.5757	0.4324	0.8148	0.3984	0.8442	0.2648	0.00031312368613751	0.0130334892915046	3.91496284896138e-13
chr11	111752867	111753245	Chimp_hyper_ND	Human-specific	379	4	14.4118534147702	0.3366	0.2804	0.7756	0.4202	0.8999	0.4448	7.38257750726791e-06	0.0418498990086566	9.41071945559206e-13
chr17	19715560	19716131	Chimp_hyper_ND	Human-specific	572	4	14.2709717992253	0.4623	0.3061	0.8057	0.4052	0.8984	0.4055	6.30393787217207e-07	0.00999844728353987	1.23284045893324e-29
chr15	96141595	96141725	Chimp_hyper_ND	Human-specific	131	4	14.2573867536706	0.5859	0.2216	0.7763	0.2468	0.7381	0.1735	1.48966389541083e-05	0.690701390877909	3.9253670803143e-05
chr1	18838555	18838676	Chimp_hyper_ND	Human-specific	122	4	14.2238216794877	0.2514	0.0531	0.4392	0.0541	0.5531	0.0899	6.2131250598952e-05	0.583610861686446	0.0031236291175162
chr3	196949075	196949407	Chimp_hyper_ND	Human-specific	333	4	13.9769222858639	0.5442	0.1366	0.8047	0.1507	0.9125	0.0332	6.84819888149416e-05	1.78568637176153e-12	5.21388647385907e-35
chr21	27267765	27268301	Chimp_hyper_ND	Human-specific	537	4	13.6492916270472	0.4055	0.3516	0.7457	0.3689	0.8084	0.5306	2.48913435796952e-09	0.317692661773007	6.15103218368319e-15
chr12	28072800	28072864	Chimp_hyper_ND	Human-specific	65	4	13.6008086242221	0.6778	0.2032	0.8604	0.3154	0.9438	0.1076	0.0275929717251549	1.54948994126448e-10	3.143002630717e-19
chr9	19482068	19482385	Chimp_hyper_ND	Human-specific	318	4	13.5973587636319	0.2387	0.0812	0.434	0.0861	0.7882	0.0212	0.000758799706713031	6.51381254118688e-08	3.770949152023e-29
chr17	38776491	38776579	Chimp_hyper_ND	Human-specific	89	4	13.413607114108	0.0561	0.0157	0.2346	0.0197	0.2302	0.0803	0.000217625818067138	0.0714297435754995	0.0047908996400675
chr9	99272257	99272743	Chimp_hyper_ND	Human-specific	487	4	13.221240503103	0.475	0.3626	0.6144	0.3317	0.8433	0.5134	0.00654164566141993	0.139590252578262	5.40127225205488e-07
chr4	16816103	16817558	Chimp_hyper_ND	Human-specific	1456	4	13.0560338883247	0.7734	0.6629	0.9096	0.7588	0.8554	0.6838	0.000213267157568147	0.216480839784342	0.00103559807362571
chr16	81271090	81271341	Chimp_hyper_ND	Human-specific	252	4	12.8684516445649	0.7664	0.5208	0.877	0.5412	0.8995	0.5375	0.00342368074320519	0.478391574310863	0.00236241505048376
chr17	54714107	54714315	Chimp_hyper_ND	Human-specific	209	4	12.8479106053328	0.3333	0.0513	0.5136	0.0573	0.6926	0.0394	0.00163049705259776	0.00529985896189032	1.78723334162902e-11
chr7	103087816	103087922	Chimp_hyper_ND	Human-specific	107	4	12.2754033137968	0.2217	0.0355	0.5037	0.1121	0.7546	0.2851	0.000109970988288014	0.518345656439433	1.23074473684487e-05
chr20	19612226	19612289	Chimp_hyper_ND	Human-specific	64	4	12.0580473558886	0.7866	0.5301	0.9122	0.5275	0.9659	0.6295	0.000224694035026589	0.421284294245823	4.13325206337487e-06
chr18	56286416	56286743	Chimp_hyper_ND	Human-specific	328	4	11.8494060291607	0.4651	0.2037	0.598	0.1747	0.8367	0.2227	0.000158475458741538	3.09625100267389e-06	2.11308150244528e-21
chr2	103235000	103235054	Chimp_hyper_ND	Human-specific	55	4	11.5919689044428	0.6128	0.3524	0.7583	0.3341	0.7572	0.2355	0.0114785947418678	0.0330791332394238	0.000106179004579342
