chr	str	end	type	specificity	length	nCG	areaStat	Human_ND	Human_OD	Chimp_ND	Chimp_OD	Macaq_ND	Macaq_OD	Bonferroni_interaction_HvsC	Bonferroni_interaction_MvsC	Bonferroni_interaction_MvsH
chr7	2328984	2329374	Chimp_hyper_OD	Human-specific	391	10	-100.776893557084	0.1563	0.2317	0.2661	0.8793	0.2439	0.7921	1.8450044474485e-24	0.0854456617874886	1.88889510810686e-17
chr18	55914848	55915306	Chimp_hyper_OD	Human-specific	459	12	-87.3213559126278	0.036	0.1287	0.1202	0.7486	0.1203	0.5903	8.35615949620793e-32	0.00495206447437561	2.49971930446781e-19
chr12	32293594	32293995	Chimp_hyper_OD	Human-specific	402	10	-85.5822425430184	0.1785	0.1441	0.3201	0.7762	0.1798	0.5532	8.09880121051311e-22	0.135860938130865	1.07838719921033e-20
chr17	80560940	80561405	Chimp_hyper_OD	Human-specific	466	13	-82.8297715251463	0.6395	0.6749	0.5843	0.93	0.663	0.9386	9.69107952760332e-13	0.247159819035718	4.01376957797813e-11
chr4	21948807	21949584	Chimp_hyper_OD	Human-specific	778	14	-81.7982457845435	0.2508	0.2704	0.3732	0.7858	0.2461	0.6049	1.28637755941985e-10	0.680220370397895	6.71996119480515e-26
chr2	237073688	237075068	Chimp_hyper_OD	Human-specific	1381	15	-78.9227139741259	0.13	0.2433	0.2075	0.7288	0.1812	0.6749	5.98336463633229e-29	0.0313724725126436	1.42289082141284e-31
chr14	90868869	90870298	Chimp_hyper_OD	Human-specific	1430	15	-78.5436383789745	0.0631	0.3162	0.0941	0.6463	0.1518	0.8804	1.79695087591485e-16	1.03787246590237e-07	8.64279728736685e-41
chr10	116751892	116752547	Chimp_hyper_OD	Human-specific	656	10	-77.6253785282522	0.4947	0.6286	0.3657	0.9052	0.5163	0.9573	1.07444234508169e-30	0.0806566998749704	5.85541416800406e-16
chr4	7793839	7794658	Chimp_hyper_OD	Human-specific	820	12	-73.4676988380692	0.7572	0.6681	0.6163	0.8459	0.6209	0.916	5.6727296892402e-23	7.84234400157856e-05	1.56037031711667e-52
chr14	99731034	99731472	Chimp_hyper_OD	Human-specific	439	10	-72.4716260012345	0.6086	0.51	0.5882	0.8625	0.6421	0.9208	1.22100084735675e-10	0.319724758515905	1.36900511740927e-19
chr2	11546821	11547048	Chimp_hyper_OD	Human-specific	228	9	-71.5446217414743	0.167	0.489	0.1897	0.9135	0.1464	0.8599	4.23714391967675e-23	0.711165997358559	2.69858671803663e-36
chr10	43686143	43686601	Chimp_hyper_OD	Human-specific	459	5	-68.7073408241178	0.1619	0.1635	0.2441	0.9223	0.1588	0.5847	5.42188149591553e-57	2.90427038613718e-15	1.33458775059908e-29
chr14	88032878	88034460	Chimp_hyper_OD	Human-specific	1583	11	-68.0124304275971	0.4992	0.4588	0.403	0.6824	0.388	0.7296	2.49488439145101e-10	0.101465255006394	2.59123541539138e-33
chr1	245329660	245330018	Chimp_hyper_OD	Human-specific	359	9	-64.5745353588401	0.204	0.1085	0.4704	0.8362	0.5486	0.764	2.77673248078244e-30	7.75947854700031e-05	1.18050251817631e-29
chr22	18452040	18452559	Chimp_hyper_OD	Human-specific	520	11	-64.4804439471647	0.4198	0.441	0.611	0.952	0.5314	0.8243	3.58342416839261e-22	0.187061797117351	6.46354093905389e-18
chr10	78931951	78932787	Chimp_hyper_OD	Human-specific	837	10	-62.2266603836238	0.3241	0.4053	0.2838	0.7466	0.3003	0.7332	7.47771354317871e-28	0.308314725506423	1.05668880444447e-19
chr16	3031669	3032281	Chimp_hyper_OD	Human-specific	613	11	-62.1206525329335	0.5159	0.5132	0.4338	0.6318	0.7501	0.9082	1.42579338705098e-15	0.54643714228456	1.22161629438397e-05
chr9	135460460	135460977	Chimp_hyper_OD	Human-specific	518	14	-61.3455263481446	0.1298	0.168	0.2722	0.5601	0.256	0.6183	5.885977581611e-16	0.259118376345161	3.68362784540291e-09
chr19	2094514	2094854	Chimp_hyper_OD	Human-specific	341	13	-60.7002487892588	0.1885	0.3336	0.3323	0.7954	0.2815	0.6594	2.06882787258692e-07	0.147167975803141	4.83967538356286e-07
chr6	158455183	158455845	Chimp_hyper_OD	Human-specific	663	7	-59.3388160179355	0.4013	0.339	0.5571	0.9284	0.4128	0.933	2.11117087762426e-24	9.17795898214062e-07	3.04854652569527e-56
chr12	125259193	125259535	Chimp_hyper_OD	Human-specific	343	8	-58.674781041973	0.0588	0.0576	0.1677	0.6547	0.2431	0.6522	4.05648744126767e-26	0.240063565531089	1.90798998311809e-35
chr10	15224891	15225622	Chimp_hyper_OD	Human-specific	732	8	-57.185294739389	0.1834	0.3638	0.1417	0.5997	0.2501	0.6836	8.26326037173753e-19	0.0882692962442841	9.77120979496626e-11
chr17	5846649	5847135	Chimp_hyper_OD	Human-specific	487	10	-56.931920511217	0.5138	0.451	0.7296	0.9328	0.7253	0.8879	1.30539750812812e-09	0.302192932270322	7.90783490799809e-09
chr9	93955272	93955398	Chimp_hyper_OD	Human-specific	127	5	-56.7603380190788	0.0382	0.0066	0.1066	0.7538	0.221	0.4803	1.47230064895358e-65	4.06846233646107e-15	1.30176584368403e-15
chr18	35158922	35159011	Chimp_hyper_OD	Human-specific	90	7	-56.6236590436313	0.01	0.0689	0.0196	0.3684	0.0315	0.2907	5.44563005783899e-21	0.0161914279398198	1.02853484872229e-10
chr6	158861540	158862074	Chimp_hyper_OD	Human-specific	535	7	-56.1868261735611	0.5319	0.4184	0.6054	0.9194	0.387	0.9338	1.73033924320605e-24	4.4475347769244e-06	3.23553447983009e-49
chr10	11238908	11240049	Chimp_hyper_OD	Human-specific	1142	11	-56.057652946153	0.2611	0.1792	0.2509	0.4269	0.3619	0.749	1.64848973841578e-20	6.78017300856843e-07	4.70290289458612e-48
chr14	99710721	99711150	Chimp_hyper_OD	Human-specific	430	13	-55.6709643506785	0.6174	0.6063	0.5783	0.787	0.6558	0.8675	2.04906740260952e-05	0.691133302140312	1.20409227272842e-08
chr2	144103882	144104663	Chimp_hyper_OD	Human-specific	782	9	-55.491569643001	0.2928	0.4643	0.1493	0.6177	0.174	0.7793	7.27120739118681e-20	0.000112429119061064	3.60511832300303e-37
chr10	20107219	20108237	Chimp_hyper_OD	Human-specific	1019	9	-55.3343749246341	0.2057	0.2083	0.2879	0.716	0.2332	0.4863	7.59594933283519e-16	0.0020068548691661	1.35826872727809e-07
chr6	57037999	57038468	Chimp_hyper_OD	Human-specific	470	14	-54.6749155552004	0.128	0.2078	0.1984	0.5464	0.457	0.8662	2.60822563314213e-09	0.497013224137024	7.7741246974855e-27
chr22	37067482	37068442	Chimp_hyper_OD	Human-specific	961	8	-53.9542306043441	0.5358	0.5749	0.518	0.8164	0.681	0.9065	4.30436175866308e-13	0.10664089457899	2.21368876324597e-15
chr10	78189440	78190293	Chimp_hyper_OD	Human-specific	854	8	-50.336165996076	0.1916	0.2232	0.1746	0.544	0.2183	0.4126	8.49048937936487e-13	8.58506270255991e-05	1.83606698192955e-07
chr2	234225787	234226127	Chimp_hyper_OD	Human-specific	341	5	-49.9314418449841	0.1764	0.2214	0.1935	0.6941	0.1703	0.9166	4.83811658821047e-34	2.50300507719663e-20	8.35945941794877e-148
chr12	50268635	50268989	Chimp_hyper_OD	Human-specific	355	7	-49.7126501028747	0.1619	0.3995	0.1942	0.7459	0.2027	0.7326	7.13547692399291e-27	0.455909003113027	1.7264070525628e-17
chr10	35746976	35748174	Chimp_hyper_OD	Human-specific	1199	12	-48.5695593906259	0.2665	0.3789	0.2843	0.5819	0.3952	0.8015	9.71584155067807e-07	0.00129168635873856	2.06609567211213e-21
chr1	112491021	112491901	Chimp_hyper_OD	Human-specific	881	6	-46.9970561678276	0.3846	0.1976	0.4024	0.7927	0.3877	0.834	5.16830115760417e-37	0.000731780573077624	4.96535273719247e-45
chr5	179750236	179751269	Chimp_hyper_OD	Human-specific	1034	7	-46.4608305546175	0.3996	0.5126	0.3259	0.6968	0.2971	0.6371	3.40073449478153e-17	0.0293314686271841	9.96797844402221e-11
chr1	50882140	50882434	Chimp_hyper_OD	Human-specific	295	12	-46.3415986746291	0.1155	0.1346	0.1146	0.3483	0.1871	0.6926	2.95150418151198e-09	2.85844922080506e-05	1.69889613472067e-42
chr7	154412013	154412557	Chimp_hyper_OD	Human-specific	545	9	-44.9994322555073	0.2027	0.7201	0.142	0.8646	0.2371	0.9335	3.24506251368369e-09	0.895466407521003	1.49350530785452e-08
chr21	20321819	20322199	Chimp_hyper_OD	Human-specific	381	5	-44.0197219383646	0.7272	0.6732	0.5444	0.9154	0.7691	0.9452	2.99121651206139e-41	6.64237433875427e-05	1.44918226286607e-22
chr5	1541672	1542294	Chimp_hyper_OD	Human-specific	623	7	-43.8363619179873	0.2068	0.3625	0.4408	0.8691	0.5223	0.7829	4.18620067397442e-16	0.000647798748959887	0.000126088049958288
chr2	27069973	27070112	Chimp_hyper_OD	Human-specific	140	6	-43.8290917869446	0.0176	0.1474	0.1273	0.7155	0.348	0.9102	1.55461227792078e-15	0.555811239517917	1.11409480613387e-23
chr4	113901642	113902406	Chimp_hyper_OD	Human-specific	765	6	-42.8082810185625	0.7153	0.6058	0.747	0.94	0.5978	0.9173	1.90019762562568e-18	0.00740420348392423	4.94147165012547e-33
chr4	188098229	188098961	Chimp_hyper_OD	Human-specific	733	8	-42.4658108488979	0.5806	0.532	0.7654	0.8951	0.7716	0.9303	1.87373528365282e-05	0.186623237986785	1.45343895304749e-09
chr5	126204795	126205414	Chimp_hyper_OD	Human-specific	620	8	-42.4571109569032	0.0482	0.0542	0.0592	0.2721	0.0509	0.2218	1.71121979996866e-18	0.289948038310671	5.24169565721466e-09
chr3	102418023	102418626	Chimp_hyper_OD	Human-specific	604	5	-42.4284182289331	0.3333	0.3465	0.3954	0.8334	0.6182	0.8586	6.20459523330605e-26	6.07908437512643e-05	7.37722405138463e-10
chr5	76373992	76374811	Chimp_hyper_OD	Human-specific	820	6	-42.2209154425226	0.5463	0.487	0.6748	0.9118	0.5266	0.8465	4.13357841515504e-40	0.246407400296804	3.26288847790114e-54
chr2	23613085	23613265	Chimp_hyper_OD	Human-specific	181	8	-42.166656122843	0.1919	0.3622	0.2623	0.7445	0.6312	0.9078	1.15393797923853e-05	0.0434882178399719	0.0174650590741575
chr10	134880693	134881137	Chimp_hyper_OD	Human-specific	445	10	-41.9277719969939	0.2219	0.3013	0.3257	0.7243	0.5053	0.9153	2.20731087620072e-06	0.353580506879962	8.70713867335558e-11
chr1	178620925	178621098	Chimp_hyper_OD	Human-specific	174	8	-41.5905082054735	0.065	0.2472	0.052	0.4963	0.1742	0.5739	2.20074785045314e-07	0.111902183669668	4.69778441486866e-05
chr2	3775771	3776007	Chimp_hyper_OD	Human-specific	237	6	-40.6334487219602	0.0179	0.0394	0.3117	0.7131	0.6264	0.8499	2.64845341318658e-21	0.00409071803053479	2.22950929827107e-07
chr3	127435320	127437491	Chimp_hyper_OD	Human-specific	2172	5	-40.5251542720784	0.5373	0.5164	0.5427	0.8705	0.5503	0.8835	2.17294824167976e-30	0.912397114795276	7.87541399331383e-39
chr10	6771752	6772261	Chimp_hyper_OD	Human-specific	510	5	-40.1799445000873	0.5095	0.5797	0.427	0.8581	0.3339	0.7702	1.48893502461129e-20	0.982818192443675	1.1899130845256e-16
chr6	82854870	82854937	Chimp_hyper_OD	Human-specific	68	4	-39.8919116339599	0.0159	0.0959	0.0396	0.5655	0.2089	0.9163	2.55085375329095e-17	0.0402214885154581	7.51386871569309e-29
chr10	24737671	24738804	Chimp_hyper_OD	Human-specific	1134	8	-39.7299359671673	0.2583	0.4518	0.3469	0.7877	0.4238	0.8056	3.10833800150451e-15	0.0288689838746235	3.37981884926661e-14
chr5	19886482	19886708	Chimp_hyper_OD	Human-specific	227	4	-39.6809888214417	0.1771	0.4636	0.2425	0.8993	0.2988	0.8307	6.50033674747374e-18	0.00415459596512225	4.2922462963811e-12
chr3	16190379	16190474	Chimp_hyper_OD	Human-specific	96	4	-39.4464369974747	0.4993	0.2677	0.4115	0.8372	0.7101	0.9567	6.33357025294375e-22	0.215953563012271	3.89568976701575e-28
chr8	17012777	17013149	Chimp_hyper_OD	Human-specific	373	5	-38.8145136169881	0.116	0.112	0.0623	0.3829	0.1245	0.5759	1.62044372825364e-42	0.0283953007781661	1.36954803003177e-55
chr12	118812981	118813371	Chimp_hyper_OD	Human-specific	391	7	-38.6405241486651	0.2262	0.1445	0.2189	0.4862	0.4898	0.8595	2.2389948146315e-20	0.001187249181646	1.02100774570135e-48
chr22	33861562	33861803	Chimp_hyper_OD	Human-specific	242	5	-38.5979723424154	0.331	0.1488	0.5567	0.7729	0.6888	0.9415	1.3812400560786e-19	0.0551116583346065	7.52766304955784e-41
chr1	225048708	225049182	Chimp_hyper_OD	Human-specific	475	5	-38.3510320734668	0.2613	0.2982	0.3777	0.8172	0.4792	0.804	3.6443363132527e-24	2.38467285609658e-05	2.31995581196109e-18
chr20	47961987	47962337	Chimp_hyper_OD	Human-specific	351	9	-38.2308567174621	0.0473	0.5588	0.0668	0.8272	0.0814	0.8	7.87050946325842e-10	0.109411958275505	9.18007390992208e-06
chr17	72808613	72809528	Chimp_hyper_OD	Human-specific	916	5	-38.0087831528085	0.4576	0.4333	0.5536	0.853	0.5911	0.7912	9.41266953347464e-11	0.0382196219065694	2.96027780202409e-06
chr6	22877971	22878847	Chimp_hyper_OD	Human-specific	877	7	-38.0026620154992	0.4599	0.4673	0.5191	0.7951	0.6727	0.8392	2.36670724946005e-10	0.0567872248767953	1.3386567391398e-07
chr12	130338989	130339231	Chimp_hyper_OD	Human-specific	243	6	-37.9672394236547	0.1227	0.1093	0.2487	0.6474	0.2706	0.4943	9.9356997156915e-13	0.00376637389876364	4.12678524736094e-08
chr5	111091610	111092139	Chimp_hyper_OD	Human-specific	530	7	-37.7070206848648	0.0217	0.3533	0.0138	0.5586	0.0155	0.4799	2.50283743661313e-06	0.067711438874458	0.00150442323678067
chr17	2803203	2803382	Chimp_hyper_OD	Human-specific	180	5	-37.3939139975305	0.2526	0.2428	0.4026	0.8554	0.2791	0.8784	5.04872732909287e-12	0.0319478981027714	8.14469177822192e-37
chr18	74798455	74798942	Chimp_hyper_OD	Human-specific	488	9	-37.3581229773937	0.2593	0.4695	0.3263	0.7788	0.5543	0.8991	3.72104283704404e-06	0.234114449241877	0.00102764298788309
chr7	75966311	75966483	Chimp_hyper_OD	Human-specific	173	5	-37.2577614244922	0.3187	0.2906	0.35	0.7504	0.22	0.7477	7.65751808007957e-18	0.000333772473881586	5.34592371001513e-31
chr18	3596775	3597013	Chimp_hyper_OD	Human-specific	239	7	-36.0381132654173	0.404	0.2707	0.5812	0.7882	0.5815	0.7848	4.7395550407714e-09	0.980544265146215	1.13252428930555e-11
chr12	2264335	2264454	Chimp_hyper_OD	Human-specific	120	5	-36.0323339182031	0.4341	0.3924	0.669	0.9659	0.4079	0.8938	3.82885343153993e-18	0.0361002756992406	1.23894526899751e-17
chr12	15716633	15716914	Chimp_hyper_OD	Human-specific	282	5	-35.8949138439713	0.3533	0.5402	0.2672	0.8285	0.4441	0.8456	7.66040246033706e-12	0.000545967334223361	1.08110083604219e-05
chr5	89900389	89900840	Chimp_hyper_OD	Human-specific	452	4	-35.8559570971362	0.1423	0.1168	0.3205	0.6934	0.2186	0.5151	4.3581983775165e-19	0.147687120295965	5.20559386226853e-27
chr16	9856134	9856256	Chimp_hyper_OD	Human-specific	123	6	-35.640628489385	0.5074	0.4737	0.5578	0.9233	0.5243	0.9599	3.11567907926843e-08	0.150197815357944	1.76639945472855e-16
chr20	8114184	8114366	Chimp_hyper_OD	Human-specific	183	8	-35.3783223043268	0.0738	0.2726	0.0889	0.6144	0.091	0.7026	2.38263089919482e-11	0.0253647046148446	1.57991942744402e-23
chr6	112098506	112098694	Chimp_hyper_OD	Human-specific	189	5	-35.2164097746191	0.381	0.2586	0.433	0.6657	0.2342	0.9343	1.9085306395887e-17	8.44631133209352e-23	3.82075627904901e-77
chr9	103877463	103877623	Chimp_hyper_OD	Human-specific	161	4	-35.0620071230854	0.2663	0.1412	0.3991	0.8171	0.4703	0.8539	1.32145207758095e-17	0.925706044313797	5.20467159099978e-30
chr1	230204723	230205161	Chimp_hyper_OD	Human-specific	439	9	-34.9861117836349	0.1226	0.2668	0.1085	0.4704	0.2703	0.6658	1.76329172390337e-08	0.622973461079103	3.81876779701871e-09
chr18	55784835	55785546	Chimp_hyper_OD	Human-specific	712	7	-34.9003029313557	0.5415	0.5929	0.4794	0.8701	0.5218	0.7605	3.84389219087631e-16	0.000289121431747715	0.000166592468509003
chr8	135056370	135057786	Chimp_hyper_OD	Human-specific	1417	4	-34.693308494585	0.6942	0.587	0.5157	0.8303	0.6744	0.7859	4.07620045142178e-25	2.83373545530033e-06	6.57852470937508e-09
chr12	25054285	25054489	Chimp_hyper_OD	Human-specific	205	4	-34.5316042873315	0.105	0.2975	0.0429	0.5156	0.0503	0.6269	7.99486517749399e-19	0.0570285228643259	6.75707745184514e-32
chr14	104023396	104023638	Chimp_hyper_OD	Human-specific	243	6	-34.4148467909614	0.114	0.1527	0.3135	0.6309	0.1485	0.4896	3.88529475486489e-11	0.454823089178746	4.2815714890036e-14
chr9	112630789	112631647	Chimp_hyper_OD	Human-specific	859	6	-34.2041541386173	0.061	0.374	0.063	0.6314	0.0685	0.6153	7.47225736093479e-08	0.977542287112857	7.20171262205875e-09
chr14	90871574	90872118	Chimp_hyper_OD	Human-specific	545	8	-34.0152870205672	0.1648	0.4349	0.1691	0.6937	0.1143	0.7799	7.67556488691526e-10	1.73209846126453e-06	5.08229758100116e-32
chr11	119860082	119860416	Chimp_hyper_OD	Human-specific	335	7	-33.8832182467684	0.3928	0.3192	0.4647	0.6989	0.3483	0.8598	1.99384534459161e-09	2.20665462603551e-13	9.57182479034344e-37
chr5	88176788	88177792	Chimp_hyper_OD	Human-specific	1005	7	-33.838207891964	0.0337	0.49	0.0248	0.7518	0.0362	0.7064	2.78862767471715e-10	0.0474077493716493	2.37315684654941e-07
chr12	125333024	125333108	Chimp_hyper_OD	Human-specific	85	5	-33.643212190899	0.2297	0.2432	0.4202	0.912	0.4006	0.7107	3.12250078783353e-13	0.0127256868615182	1.68677528315005e-05
chr17	78769182	78770042	Chimp_hyper_OD	Human-specific	861	6	-33.2663666370087	0.4259	0.2703	0.6506	0.8846	0.386	0.9369	2.46657659749368e-24	9.34583595723895e-18	8.26190248981385e-104
chr21	45440694	45441688	Chimp_hyper_OD	Human-specific	995	6	-33.2593358336255	0.3989	0.3925	0.4107	0.7501	0.3705	0.6701	2.47142767193509e-13	0.16666302360838	2.93706805672743e-20
chr3	185773140	185773538	Chimp_hyper_OD	Human-specific	399	6	-33.2585410967348	0.2703	0.5516	0.1522	0.7704	0.2613	0.7508	8.92305847251961e-24	7.98174550390047e-06	2.98310161811597e-08
chr1	169096477	169096623	Chimp_hyper_OD	Human-specific	147	5	-33.0824546878117	0.1621	0.3895	0.1898	0.7542	0.1372	0.75	1.33594011602872e-14	0.112013335921074	5.31396016619547e-27
chr10	25971086	25971834	Chimp_hyper_OD	Human-specific	749	7	-33.013062003112	0.0428	0.1306	0.0625	0.412	0.0558	0.5706	2.52395485876828e-20	3.40985754897219e-09	4.42651190465291e-60
chr13	74314737	74315070	Chimp_hyper_OD	Human-specific	334	5	-32.6285889051589	0.1811	0.3935	0.29	0.8886	0.3837	0.8157	1.8464505665946e-12	0.000294671703992848	8.62723735684232e-05
chr7	3769544	3770176	Chimp_hyper_OD	Human-specific	633	5	-32.0810149777718	0.5193	0.4431	0.4506	0.7114	0.6543	0.9563	1.35132146391747e-09	0.0671188230368429	3.32161867052056e-31
chr10	52086351	52086881	Chimp_hyper_OD	Human-specific	531	5	-31.814088517844	0.4541	0.3257	0.3615	0.521	0.4862	0.705	2.61040057220404e-10	0.548919918331358	1.02989966488361e-16
chr6	166958691	166958887	Chimp_hyper_OD	Human-specific	197	6	-31.7432514763052	0.4606	0.7151	0.3651	0.954	0.5607	0.9342	2.69800163181897e-11	0.000395667798419893	0.000199214790162364
chr18	21018217	21018724	Chimp_hyper_OD	Human-specific	508	6	-31.7164772571652	0.1916	0.2244	0.438	0.7907	0.2694	0.5546	2.49476146139322e-09	0.26776657864531	6.29238154132406e-10
chr3	170893534	170893793	Chimp_hyper_OD	Human-specific	260	7	-31.6124274451982	0.5785	0.5763	0.6646	0.8425	0.6144	0.8135	3.72152663399115e-06	0.66972331630744	1.83161124901653e-10
chr10	21378738	21379085	Chimp_hyper_OD	Human-specific	348	5	-31.5279215459001	0.4932	0.3502	0.3882	0.709	0.6902	0.8981	2.93311089918939e-34	0.216001129337619	1.72564731694895e-28
chr4	2979018	2979318	Chimp_hyper_OD	Human-specific	301	4	-31.4828510995181	0.2989	0.1964	0.5785	0.9397	0.4676	0.872	9.43633332295782e-18	0.760870994159234	5.32655313455729e-26
chr11	46621094	46622025	Chimp_hyper_OD	Human-specific	932	6	-30.9186321017836	0.3537	0.364	0.4087	0.7533	0.2758	0.8052	2.17636111603212e-10	0.0145131657301035	6.3732528780459e-33
chr16	48383330	48383463	Chimp_hyper_OD	Human-specific	134	5	-30.8652220104758	0.4112	0.4829	0.6014	0.9484	0.6657	0.9462	2.18871721505907e-20	0.126232501302202	2.04781702791732e-11
chr17	78592774	78592915	Chimp_hyper_OD	Human-specific	142	5	-30.8512924394748	0.1465	0.3277	0.1329	0.5859	0.3245	0.7326	1.0037102370441e-14	0.308479929671427	1.81099523460149e-13
chr10	115299623	115299880	Chimp_hyper_OD	Human-specific	258	5	-30.8484978897081	0.547	0.5219	0.4946	0.8878	0.485	0.9303	6.05858547331209e-12	0.0926573904753809	3.04582706943456e-31
chr5	6545878	6546225	Chimp_hyper_OD	Human-specific	348	7	-30.6088002710899	0.197	0.5511	0.1765	0.7449	0.272	0.9056	2.40390409421588e-08	0.0204581753784228	3.97676595591736e-18
chr10	14300581	14302678	Chimp_hyper_OD	Human-specific	2098	7	-30.4740984581597	0.5118	0.5753	0.5695	0.8847	0.5331	0.8514	1.780597285261e-14	0.843145457956311	1.18427860372959e-23
chr1	49344351	49344532	Chimp_hyper_OD	Human-specific	182	4	-30.3404588467263	0.2578	0.421	0.2456	0.8364	0.2467	0.7362	1.40724525547863e-13	0.161830944047944	4.37809317944939e-11
chr10	52835118	52835346	Chimp_hyper_OD	Human-specific	229	5	-30.3090396224429	0.1084	0.2115	0.129	0.5427	0.0651	0.4738	2.70440718590054e-13	0.126429237310837	2.45105511819053e-26
chr16	474200	474492	Chimp_hyper_OD	Human-specific	293	6	-30.24829542683	0.0268	0.1135	0.0803	0.4693	0.1842	0.7725	1.16517776708656e-06	0.0290509094839989	6.24686039414311e-14
chr16	13875122	13875725	Chimp_hyper_OD	Human-specific	604	6	-30.1973972529363	0.219	0.2657	0.3229	0.6596	0.4727	0.7702	2.96810129065432e-11	0.0982304342953852	1.49738364510959e-08
chr4	176864758	176865504	Chimp_hyper_OD	Human-specific	747	6	-29.809943104529	0.1241	0.4256	0.1941	0.7312	0.104	0.8464	6.93779467406519e-09	7.12911946453565e-14	4.84957929527941e-49
chr4	165539347	165539689	Chimp_hyper_OD	Human-specific	343	4	-29.6796953701872	0.5708	0.5184	0.5044	0.9053	0.6098	0.9322	1.01286491105309e-14	0.769989078104355	4.47741882927455e-21
chr2	7403092	7403467	Chimp_hyper_OD	Human-specific	376	5	-29.5442552752485	0.4995	0.3284	0.3947	0.6428	0.5315	0.8931	1.02456240604791e-12	0.0118272714068727	4.22744367242759e-25
chr2	36603496	36603716	Chimp_hyper_OD	Human-specific	221	5	-29.4839969455091	0.1842	0.1493	0.269	0.5496	0.2599	0.4114	1.49465472778773e-13	0.00945023184855196	1.50806083251515e-06
chr17	38781482	38782080	Chimp_hyper_OD	Human-specific	599	5	-29.4738808867913	0.1189	0.2644	0.2583	0.69	0.5617	0.8984	1.14679506369488e-11	0.194744458017801	2.80867181053537e-08
chr5	76484069	76484674	Chimp_hyper_OD	Human-specific	606	4	-29.2073276167409	0.6731	0.5425	0.7322	0.9382	0.5784	0.8655	1.48774022817971e-18	0.266585616508015	2.55557903605466e-26
chr10	18834976	18835453	Chimp_hyper_OD	Human-specific	478	8	-29.1921729183739	0.162	0.6059	0.2205	0.8953	0.0719	0.8055	2.56285272767207e-15	0.00062735888755875	6.00336177349888e-18
chr1	181761075	181761518	Chimp_hyper_OD	Human-specific	444	5	-29.1429125336232	0.5368	0.3706	0.5958	0.8339	0.4328	0.8614	4.71256349847051e-18	0.00689501681981548	2.04622542039687e-49
chr12	121613310	121613502	Chimp_hyper_OD	Human-specific	193	5	-28.9804547510466	0.1883	0.5007	0.129	0.788	0.3186	0.872	5.0805856268059e-10	0.122391500249533	5.43438024535325e-05
chr4	76995494	76996832	Chimp_hyper_OD	Human-specific	1339	5	-28.96294015753	0.3149	0.5213	0.2587	0.6629	0.4625	0.8476	1.85401932192461e-11	0.325083416937333	1.0753915478063e-08
chr11	113113890	113113972	Chimp_hyper_OD	Human-specific	83	6	-28.6740294003107	0.0426	0.0471	0.0716	0.3027	0.0526	0.2791	7.29771686323594e-08	0.984744086937176	1.39990733261787e-08
chr20	4668127	4668286	Chimp_hyper_OD	Human-specific	160	6	-28.6039342839409	0.0219	0.0791	0.041	0.3321	0.0562	0.6652	9.43755143719028e-07	1.60428723086677e-13	1.35862256455948e-41
chr5	107229497	107229826	Chimp_hyper_OD	Human-specific	330	5	-28.3773050172585	0.4758	0.3578	0.465	0.7094	0.3994	0.7031	5.61157605672439e-13	0.0859670536107188	7.93108171847468e-23
chr17	54402621	54402842	Chimp_hyper_OD	Human-specific	222	4	-28.3010383050215	0.0856	0.228	0.1554	0.7079	0.243	0.8957	3.00558461551248e-14	0.00203483701881875	1.94714106455684e-21
chr3	144411222	144411584	Chimp_hyper_OD	Human-specific	363	6	-28.1434517329706	0.3271	0.2821	0.4761	0.6858	0.4346	0.7427	9.82015132834405e-05	0.19023403665239	2.29099691814068e-17
chr7	28001000	28001394	Chimp_hyper_OD	Human-specific	395	5	-28.1412216371356	0.4324	0.3815	0.4398	0.6841	0.2814	0.911	3.41929682034026e-09	2.31298786140559e-15	2.3208163352783e-70
chr19	32898424	32898515	Chimp_hyper_OD	Human-specific	92	5	-28.0235849209762	0.2586	0.2851	0.2195	0.6164	0.2339	0.8885	7.92346502370564e-09	0.000228881156830547	8.73573671427805e-37
chr6	16514291	16514618	Chimp_hyper_OD	Human-specific	328	6	-27.7266968149282	0.1088	0.0665	0.1124	0.3558	0.3589	0.7928	1.35510671192195e-11	0.00157095625709252	4.20842758513499e-26
chr2	193054726	193056620	Chimp_hyper_OD	Human-specific	1895	5	-27.6013350272	0.4133	0.4051	0.3465	0.5659	0.3539	0.7859	9.77886580948266e-09	1.28652397770422e-07	1.10815773377299e-45
chr1	72663393	72663937	Chimp_hyper_OD	Human-specific	545	4	-27.553741216568	0.5092	0.5274	0.5421	0.9193	0.7051	0.9206	9.66355578217963e-10	0.00858113763696955	2.85219485769372e-06
chr11	123430262	123430504	Chimp_hyper_OD	Human-specific	243	6	-27.5228305247449	0.0539	0.1903	0.0647	0.5051	0.0345	0.4539	2.62942739003728e-14	0.0998062220101454	3.30399168560002e-17
chr7	79818542	79819018	Chimp_hyper_OD	Human-specific	477	5	-27.5119627777082	0.6274	0.5577	0.5713	0.7563	0.6614	0.8212	2.76876632403679e-11	0.702768067224665	1.99824781586354e-08
chr12	32293446	32293522	Chimp_hyper_OD	Human-specific	77	6	-27.4933845170461	0.2418	0.1331	0.3727	0.6076	0.3827	0.7323	6.89851698682282e-08	0.196951776199862	1.10820359657953e-17
chr2	16908485	16908885	Chimp_hyper_OD	Human-specific	401	5	-27.2234770828278	0.2981	0.2634	0.2494	0.5619	0.5705	0.821	2.65256050881654e-13	0.691238197728454	1.57646303184424e-12
chr16	5451860	5452152	Chimp_hyper_OD	Human-specific	293	5	-27.2072610841286	0.4746	0.612	0.3503	0.7976	0.3233	0.8193	9.08932331617293e-08	0.870100652829217	2.85513689415566e-12
chr5	107503685	107504759	Chimp_hyper_OD	Human-specific	1075	5	-27.0796109755106	0.5066	0.5663	0.3955	0.7149	0.5844	0.7663	3.47466084984955e-20	1.85773711880952e-05	3.70675382814802e-06
chr18	22211741	22211814	Chimp_hyper_OD	Human-specific	74	6	-27.0318087502645	0.1449	0.2241	0.3422	0.7827	0.3031	0.7478	2.08865805418202e-05	0.988068646143267	2.9055762347847e-15
chr14	30662988	30663514	Chimp_hyper_OD	Human-specific	527	6	-26.8376111046335	0.5108	0.3997	0.5283	0.7209	0.473	0.6632	1.03931873094714e-07	0.243275568695706	6.50986243520229e-13
chr4	41540978	41541245	Chimp_hyper_OD	Human-specific	268	4	-26.8054578710553	0.0139	0.4302	0.027	0.8344	0.1258	0.903	6.932276526984e-10	0.175991838870739	3.45470492745792e-09
chr12	120130416	120130789	Chimp_hyper_OD	Human-specific	374	5	-26.7325062096669	0.1563	0.383	0.2606	0.7902	0.3065	0.879	4.94808837057311e-12	0.366558382079172	2.45010480988587e-23
chr1	64169383	64169871	Chimp_hyper_OD	Human-specific	489	5	-26.6139488068897	0.3896	0.5397	0.3165	0.8223	0.4013	0.7273	2.27816391124795e-26	1.27862574445312e-05	3.93776953590568e-08
chr1	178996378	178996679	Chimp_hyper_OD	Human-specific	302	6	-26.4532344892135	0.2641	0.2931	0.2266	0.4359	0.2921	0.4755	5.28869342838047e-09	0.109823025344528	2.68770056300909e-05
chr2	79007537	79007856	Chimp_hyper_OD	Human-specific	320	5	-26.0684713877345	0.4445	0.3801	0.5135	0.7066	0.3606	0.7587	1.0952540392654e-06	0.000325683178605421	1.41517062082493e-24
chr12	90371482	90371606	Chimp_hyper_OD	Human-specific	125	4	-26.0046986531813	0.3808	0.3026	0.3561	0.5694	0.3428	0.6498	3.76480158315127e-11	0.0851901521830834	1.38627367468505e-18
chr2	44526916	44527248	Chimp_hyper_OD	Human-specific	333	5	-25.8335981318052	0.2455	0.3788	0.2349	0.6111	0.5452	0.7845	2.40241737347975e-06	0.0453467301248229	0.0233266358008091
chr18	3602671	3602811	Chimp_hyper_OD	Human-specific	141	4	-25.648377245588	0.0905	0.0083	0.1612	0.3641	0.3342	0.4504	4.15910038665911e-21	0.0101727319640994	3.47671339992863e-15
chr6	18070947	18071272	Chimp_hyper_OD	Human-specific	326	5	-25.6465269992742	0.2134	0.5707	0.218	0.7789	0.2534	0.9515	0.000279083233741562	1.74248366266094e-07	4.51584084360455e-16
chr10	131515125	131515269	Chimp_hyper_OD	Human-specific	145	5	-25.5978328361873	0.8703	0.825	0.8571	0.965	0.7883	0.9148	2.56343622426517e-11	0.924910065337426	1.4542062749805e-13
chr10	11345487	11345840	Chimp_hyper_OD	Human-specific	354	8	-25.4441251672568	0.3462	0.434	0.3821	0.705	0.2618	0.962	3.92372556149491e-06	1.82827880893436e-20	1.60961195544852e-60
chr12	125139714	125139780	Chimp_hyper_OD	Human-specific	67	5	-25.4031970008918	0.0443	0.0104	0.0883	0.2411	0.2485	0.4504	4.5510195308331e-08	0.819194579686955	1.9646768966169e-09
chr15	26035228	26035621	Chimp_hyper_OD	Human-specific	394	5	-25.3000502945438	0.191	0.619	0.1643	0.8006	0.2547	0.893	9.9150468930992e-09	0.733143747707301	4.7392978388131e-08
chr3	52011188	52011363	Chimp_hyper_OD	Human-specific	176	5	-25.1395036477709	0.5205	0.6128	0.4121	0.7866	0.7392	0.9391	5.21684788981892e-08	0.0495591509013405	0.000104804450640683
chr10	126295944	126296099	Chimp_hyper_OD	Human-specific	156	5	-25.0873218825024	0.4157	0.6481	0.3573	0.8872	0.3261	0.8574	2.18071038938025e-05	0.858117684557151	1.37988651736742e-06
chr15	98487924	98488138	Chimp_hyper_OD	Human-specific	215	5	-25.0695186437822	0.7872	0.7063	0.7529	0.8971	0.6562	0.8504	5.10666265323813e-07	0.425719607535799	1.07480793903607e-20
chr2	154332710	154333089	Chimp_hyper_OD	Human-specific	380	5	-24.7630362464891	0.2699	0.2527	0.3067	0.536	0.2663	0.6925	3.51691484335092e-10	1.40076815474197e-06	5.73345484494282e-28
chr8	133490623	133490686	Chimp_hyper_OD	Human-specific	64	5	-24.6091699651698	0.0443	0.17	0.085	0.5094	0.0836	0.7852	5.55891288630332e-08	1.15307813423179e-07	8.76611668445601e-21
chr7	20828138	20828481	Chimp_hyper_OD	Human-specific	344	6	-24.5779972150042	0.567	0.6403	0.5406	0.7947	0.5434	0.8898	3.03317367952445e-06	0.0334115456152845	1.74502436284739e-23
chr1	42499424	42500315	Chimp_hyper_OD	Human-specific	892	5	-24.5445255576514	0.4365	0.5746	0.4206	0.7357	0.6394	0.8203	4.55303690075021e-06	0.0298964680412884	0.0139067481307279
chr2	54292798	54293048	Chimp_hyper_OD	Human-specific	251	4	-24.531241126357	0.2414	0.1788	0.2229	0.5072	0.3601	0.8796	1.56018171867228e-11	1.14298973979754e-06	3.25935986195794e-41
chr2	60758800	60759240	Chimp_hyper_OD	Human-specific	441	5	-24.4870128453706	0.3629	0.5177	0.4163	0.8689	0.4613	0.8999	9.79245537296066e-15	0.765176337274247	1.40800665604616e-16
chr3	133072323	133072682	Chimp_hyper_OD	Human-specific	360	5	-24.4761333170176	0.4899	0.4425	0.4943	0.7112	0.351	0.6361	2.45431054802905e-10	0.688852287099635	9.68162745570244e-19
chr11	48123599	48123858	Chimp_hyper_OD	Human-specific	260	6	-24.3971912801402	0.0925	0.2385	0.1934	0.5809	0.2975	0.7473	4.11839097374628e-06	0.683561919672011	6.91742663123927e-07
chr17	64462932	64463305	Chimp_hyper_OD	Human-specific	374	5	-24.3259400011949	0.4537	0.6534	0.3388	0.8795	0.5589	0.9069	1.45283263751242e-10	0.00613211551029009	9.92768644116854e-05
chr20	19029876	19030068	Chimp_hyper_OD	Human-specific	193	6	-24.2477264019779	0.1629	0.7219	0.0749	0.8782	0.1095	0.942	4.14227618822075e-08	0.279369617947955	9.70214419177854e-13
chr9	135461122	135461532	Chimp_hyper_OD	Human-specific	411	6	-24.1429806926994	0.0654	0.0989	0.1043	0.3842	0.176	0.4603	1.65247612222493e-08	0.67799612668977	1.65146291000131e-05
chr20	1886461	1886843	Chimp_hyper_OD	Human-specific	383	4	-23.8398218261839	0.2849	0.1666	0.2857	0.517	0.2687	0.7245	2.17368732068899e-13	5.13212926214291e-05	2.30994513400625e-46
chr18	55984008	55984090	Chimp_hyper_OD	Human-specific	83	4	-23.6361396692569	0.3181	0.3267	0.4775	0.942	0.6279	0.871	3.02352501802421e-10	0.00170100427677379	0.000134290092286342
chr15	70340486	70340714	Chimp_hyper_OD	Human-specific	229	5	-23.2899882326318	0.438	0.3693	0.5881	0.8321	0.7478	0.9502	1.10906960477992e-06	0.444633848169741	2.52953469170897e-08
chr18	3845188	3846089	Chimp_hyper_OD	Human-specific	902	5	-23.2473329575986	0.1163	0.3922	0.1709	0.7165	0.1354	0.5562	3.11426002070014e-11	0.00206810747829766	0.000367020380228413
chr2	73152938	73153003	Chimp_hyper_OD	Human-specific	66	5	-23.143594699043	0.4371	0.2982	0.5499	0.7351	0.6071	0.865	2.19311340018983e-07	0.157757460910012	6.64030437152154e-16
chr4	113903585	113904172	Chimp_hyper_OD	Human-specific	588	4	-23.0962367483231	0.5981	0.5762	0.4993	0.7212	0.7316	0.9227	8.52685881427318e-07	0.379660820903874	1.4977675483219e-16
chr1	54417727	54417966	Chimp_hyper_OD	Human-specific	240	5	-22.945182579678	0.7665	0.7556	0.7028	0.9355	0.784	0.8987	2.71084056373471e-12	0.00704799816418778	0.000581823458583887
chr5	111629467	111630243	Chimp_hyper_OD	Human-specific	777	5	-22.9380663532943	0.5011	0.4412	0.5339	0.8156	0.7545	0.8743	2.20759025610443e-13	0.000709393133647789	2.78694916227272e-08
chr1	169102590	169103178	Chimp_hyper_OD	Human-specific	589	5	-22.9319328753682	0.2098	0.4362	0.1551	0.5991	0.1386	0.7433	1.59513672205576e-07	8.57453175649681e-08	1.06015728831169e-21
chr18	8627203	8627281	Chimp_hyper_OD	Human-specific	79	6	-22.8595613238924	0.1279	0.2904	0.1533	0.5747	0.2196	0.8104	0.000301138585410105	0.00574497631023052	1.75505280273322e-09
chr10	73191274	73191453	Chimp_hyper_OD	Human-specific	180	4	-22.818881905036	0.3929	0.4587	0.4634	0.8614	0.6674	0.9	1.04700113292624e-09	0.00232107120596369	1.34996989460558e-05
chr8	12614674	12614994	Chimp_hyper_OD	Human-specific	321	4	-22.777881498256	0.3345	0.4788	0.3538	0.7569	0.3443	0.664	1.36034761677375e-11	0.0494704479010326	1.20416815126817e-07
chr16	10033153	10033224	Chimp_hyper_OD	Human-specific	72	6	-22.7727001950937	0.3699	0.3396	0.7863	0.9262	0.8247	0.9287	1.65726889592048e-06	0.742495548260667	8.64391734056311e-05
chr14	91096636	91096871	Chimp_hyper_OD	Human-specific	236	5	-22.6969628257799	0.5151	0.5241	0.4498	0.8485	0.2715	0.922	1.40242091568881e-06	6.20404748065685e-06	1.00501394658912e-17
chr14	78300695	78300809	Chimp_hyper_OD	Human-specific	115	4	-22.5636232364446	0.7131	0.5796	0.6869	0.8901	0.4884	0.9419	4.68315952588861e-09	3.71565938582432e-12	3.13607319066009e-42
chr1	42079684	42080156	Chimp_hyper_OD	Human-specific	473	5	-22.4916074992491	0.804	0.7438	0.6463	0.9109	0.7871	0.9533	1.37661097276783e-12	0.139317072447396	2.45698599637435e-12
chr10	79159050	79159381	Chimp_hyper_OD	Human-specific	332	5	-22.4430787579919	0.6387	0.7473	0.5171	0.8728	0.6371	0.9345	1.59686911639095e-08	0.812158036125714	1.36281963782407e-08
chr9	98291234	98291883	Chimp_hyper_OD	Human-specific	650	5	-22.2903686545734	0.3431	0.2345	0.4248	0.8244	0.6926	0.8971	4.08848355560299e-26	0.00021848790326672	5.52384188701755e-13
chr5	124065640	124066488	Chimp_hyper_OD	Human-specific	849	5	-22.2300977913266	0.6149	0.709	0.5438	0.8312	0.5617	0.7734	4.96380227662768e-11	0.0179065156680022	2.15464512283719e-05
chr13	33045648	33046653	Chimp_hyper_OD	Human-specific	1006	4	-22.2285687079565	0.2001	0.266	0.3218	0.6743	0.4879	0.7634	1.23429785104439e-11	0.0469720155951185	1.71183976936501e-06
chr7	1607601	1607712	Chimp_hyper_OD	Human-specific	112	4	-22.1469726377404	0.2085	0.3418	0.2758	0.765	0.2527	0.7414	2.79578823058941e-08	0.994348884236763	7.55739309024989e-13
chr12	775995	776351	Chimp_hyper_OD	Human-specific	357	6	-22.1107862447373	0.7545	0.6777	0.7524	0.8827	0.7404	0.861	2.1321689587627e-05	0.603629321172704	0.000675496971736692
chr8	107459909	107460025	Chimp_hyper_OD	Human-specific	117	5	-21.9779511236755	0.3895	0.4336	0.4165	0.7436	0.4007	0.9497	3.54171366336868e-05	0.000295736442857955	4.47378642677659e-22
chr8	49447914	49448136	Chimp_hyper_OD	Human-specific	223	4	-21.8631031903518	0.496	0.5164	0.6292	0.8889	0.7032	0.8946	3.45849592485834e-07	0.346857771204691	1.01313018105705e-06
chr22	43809325	43810175	Chimp_hyper_OD	Human-specific	851	4	-21.7916135420742	0.1025	0.45	0.1302	0.7755	0.1125	0.6249	6.50049588709202e-13	0.00533364971088458	0.00023735099271702
chr2	126697269	126697583	Chimp_hyper_OD	Human-specific	315	4	-21.7765130898459	0.5654	0.5305	0.4763	0.7515	0.7629	0.8881	1.15667844587949e-11	0.0330178808411811	5.23450536611768e-05
chr18	42904898	42904997	Chimp_hyper_OD	Human-specific	100	4	-21.7387429570143	0.3335	0.2896	0.3811	0.6427	0.3881	0.5632	6.23438834261968e-08	0.261154744893712	5.06462899529907e-05
chr1	169081894	169082237	Chimp_hyper_OD	Human-specific	344	4	-21.5833065143012	0.2297	0.5055	0.3219	0.8409	0.1093	0.7854	5.67655115403202e-11	6.29798209459741e-06	1.27287119235313e-23
chr1	97512487	97513060	Chimp_hyper_OD	Human-specific	574	4	-21.4664595236074	0.5279	0.5527	0.5557	0.814	0.4649	0.6946	7.66530866602479e-08	0.390840937041137	3.26616714882198e-05
chr1	173398497	173398815	Chimp_hyper_OD	Human-specific	319	4	-21.4657298081694	0.1102	0.0401	0.3552	0.6177	0.2427	0.4621	2.7765707425617e-19	0.199097446215164	3.18737675175356e-13
chr2	101509605	101509713	Chimp_hyper_OD	Human-specific	109	4	-21.4253685934402	0.8532	0.7933	0.7971	0.9361	0.8074	0.9316	3.62262145820955e-13	0.299502328398843	4.20558957159455e-17
chr4	37247911	37248081	Chimp_hyper_OD	Human-specific	171	5	-21.4090714077834	0.2919	0.6515	0.282	0.8618	0.2594	0.8794	5.53293343648805e-09	0.604508192432637	2.53175948659547e-15
chr15	79460477	79462220	Chimp_hyper_OD	Human-specific	1744	4	-21.3171985941038	0.3309	0.3357	0.4285	0.6136	0.5135	0.7555	1.52297359588664e-09	0.565232557005552	9.51371017058548e-12
chr13	76004428	76004857	Chimp_hyper_OD	Human-specific	430	5	-21.3107936648056	0.2927	0.3077	0.3967	0.6884	0.3191	0.8043	2.25770728984634e-07	0.000356530668254068	3.41879474238745e-23
chr22	47089325	47089663	Chimp_hyper_OD	Human-specific	339	5	-21.1680951155157	0.1263	0.5776	0.0872	0.733	0.264	0.8408	5.47119009181784e-10	0.0147661058558064	0.00395971702579509
chr6	16905275	16905476	Chimp_hyper_OD	Human-specific	202	4	-21.1444989219201	0.0916	0.3369	0.1137	0.6469	0.1271	0.845	5.39087841633858e-09	2.58354077547946e-05	3.68568480771239e-32
chr15	99396955	99397041	Chimp_hyper_OD	Human-specific	87	6	-21.1135327637199	0.1778	0.3035	0.1216	0.4238	0.2958	0.6426	2.80932349684786e-05	0.387912202320901	7.82463442635223e-07
chr2	215275029	215275324	Chimp_hyper_OD	Human-specific	296	5	-21.0219496692459	0.2344	0.28	0.3814	0.6527	0.0876	0.6121	0.000229715429932607	6.99282849771893e-22	1.16199018288702e-64
chr3	9024322	9024467	Chimp_hyper_OD	Human-specific	146	5	-20.8227016441263	0.1408	0.4106	0.188	0.7204	0.2811	0.692	4.00420319300784e-08	0.00863119636177366	0.00839238390787582
chr19	30252538	30252889	Chimp_hyper_OD	Human-specific	352	4	-20.8133659333385	0.3621	0.4167	0.3696	0.802	0.249	0.731	3.49611320281163e-16	0.804807847154237	6.20537243979882e-19
chr14	29253375	29253641	Chimp_hyper_OD	Human-specific	267	6	-20.6633922856751	0.0178	0.1752	0.032	0.3321	0.0378	0.3346	0.000171823886833966	0.705768687505824	4.31782636361919e-05
chr18	31799757	31799835	Chimp_hyper_OD	Human-specific	79	6	-20.6543609419781	0.1052	0.4081	0.3116	0.9046	0.3291	0.9382	0.000299338703037913	0.639592857897885	2.86240346150031e-06
chr3	183493470	183493794	Chimp_hyper_OD	Human-specific	325	4	-20.4994677565508	0.2179	0.2774	0.2879	0.6192	0.1512	0.7802	1.29940715523796e-07	1.75191594278465e-14	6.64250507940807e-30
chr17	17320147	17320314	Chimp_hyper_OD	Human-specific	168	4	-20.4387314832634	0.6392	0.5694	0.606	0.7696	0.6599	0.9055	4.61580442447145e-08	0.00422683583984757	6.83348649141445e-27
chr12	118316690	118316783	Chimp_hyper_OD	Human-specific	94	4	-20.4336988274773	0.4651	0.4363	0.3906	0.6234	0.3826	0.7565	7.3843643981025e-06	0.00123079967967962	2.06862483681336e-14
chr18	37750076	37750306	Chimp_hyper_OD	Human-specific	231	4	-20.3847591566564	0.5229	0.6542	0.487	0.8936	0.4241	0.8674	1.98630034672807e-06	0.614189018934984	5.63285922573747e-11
chr3	48721504	48721634	Chimp_hyper_OD	Human-specific	131	5	-20.3422667359203	0.0145	0.2109	0.0371	0.4594	0.0242	0.6375	0.000117097254820516	0.0393602667114892	7.48110899313157e-16
chr17	77415590	77415781	Chimp_hyper_OD	Human-specific	192	6	-20.2532532625832	0.4786	0.4291	0.5324	0.7029	0.4722	0.8798	6.07718855588198e-05	0.000365033242496942	3.68945975638497e-28
chr20	51986508	51986609	Chimp_hyper_OD	Human-specific	102	4	-20.1524943422719	0.8488	0.8263	0.7984	0.9434	0.7663	0.9361	5.35664696265892e-11	0.89629196159214	9.80166589085841e-13
chr12	101480415	101480480	Chimp_hyper_OD	Human-specific	66	6	-20.00182924318	0.2698	0.2798	0.3425	0.6621	0.6201	0.8498	1.38116274693144e-05	0.52898421930023	0.000454353409508024
chr20	8114474	8114659	Chimp_hyper_OD	Human-specific	186	5	-19.9526198603728	0.0578	0.4488	0.0631	0.7257	0.0591	0.9559	1.23136021673202e-06	1.32820315341574e-07	2.30339611029296e-29
chr1	7655368	7655532	Chimp_hyper_OD	Human-specific	165	4	-19.8838942880431	0.0994	0.4911	0.1323	0.794	0.2624	0.9353	2.46367329495169e-12	0.681161698923107	2.68051745382921e-11
chr2	25528273	25528330	Chimp_hyper_OD	Human-specific	58	4	-19.8740223981973	0.0407	0.3363	0.0664	0.6018	0.1123	0.6441	2.02049437159298e-06	0.388456765337398	3.4778236491677e-05
chr12	46756209	46756856	Chimp_hyper_OD	Human-specific	648	4	-19.7995741352474	0.5568	0.619	0.568	0.8896	0.4285	0.7828	1.41252442319652e-11	0.635522157715844	2.24940267678262e-29
chr14	56046001	56046098	Chimp_hyper_OD	Human-specific	98	4	-19.781428457561	0.029	0.0778	0.1281	0.5353	0.0241	0.3446	1.03059441002278e-05	0.258041985953389	7.77692431925932e-08
chr3	42682116	42682309	Chimp_hyper_OD	Human-specific	194	4	-19.7115077418517	0.4953	0.6937	0.3686	0.8304	0.4341	0.8072	5.06657357119534e-09	0.317281859287784	1.8426836072294e-07
chr13	23952449	23952576	Chimp_hyper_OD	Human-specific	128	4	-19.707920288086	0.1173	0.2669	0.0526	0.4174	0.1588	0.6085	6.2412983044058e-08	0.72482460364001	1.60588021361818e-10
chr10	95197110	95197803	Chimp_hyper_OD	Human-specific	694	5	-19.7006460063723	0.5428	0.6992	0.5372	0.8138	0.6045	0.8492	1.50353225779963e-05	0.366997641359308	0.000276991111905484
chr8	6071111	6071356	Chimp_hyper_OD	Human-specific	246	4	-19.3832133402772	0.4377	0.3459	0.3333	0.5807	0.4339	0.8941	5.69627763352871e-11	4.26901389753384e-05	1.20685269581317e-27
chr2	191512503	191512597	Chimp_hyper_OD	Human-specific	95	6	-19.3742247194438	0.1734	0.2932	0.2727	0.6678	0.3946	0.8047	0.000404128667347494	0.733589052173379	4.19941234138915e-05
chr2	207906937	207907011	Chimp_hyper_OD	Human-specific	75	4	-19.0680926619887	0.1392	0.2945	0.1865	0.5912	0.1589	0.7833	4.28778058573762e-05	4.93095827898629e-06	8.29606358531305e-18
chr5	89563588	89563665	Chimp_hyper_OD	Human-specific	78	5	-19.0371639420376	0.5824	0.5063	0.5744	0.7015	0.5018	0.8718	1.72625138500138e-05	4.96259968383684e-12	1.59723730857011e-26
chr11	78521055	78521416	Chimp_hyper_OD	Human-specific	362	5	-18.8575947256937	0.3892	0.4095	0.385	0.6014	0.6244	0.7965	0.00132571663110753	0.561684280183091	0.00604647217727273
chr11	123487339	123487451	Chimp_hyper_OD	Human-specific	113	4	-18.8386751014242	0.0432	0.1122	0.0819	0.4451	0.1271	0.6769	8.48482838345497e-07	0.00106384056792847	2.90520173386637e-15
chr1	169089711	169090480	Chimp_hyper_OD	Human-specific	770	5	-18.803555201275	0.4568	0.5816	0.4637	0.8049	0.4028	0.8228	5.62108705886808e-07	0.0257480037181954	2.63728805303721e-11
chr1	87802498	87802639	Chimp_hyper_OD	Human-specific	142	5	-18.8017605202798	0.2975	0.4259	0.3234	0.7216	0.3204	0.7663	5.69903385097931e-05	0.676877546483768	1.69325434303984e-07
chr19	8551916	8551974	Chimp_hyper_OD	Human-specific	59	4	-18.6529790804426	0.3214	0.2305	0.6861	0.8446	0.5912	0.8132	2.31240252722783e-07	0.302376749828388	2.73731824386365e-12
chr5	169404568	169405110	Chimp_hyper_OD	Human-specific	543	4	-18.6131833011022	0.1786	0.1423	0.2798	0.5108	0.1974	0.5916	1.05058451072518e-08	1.29122581422427e-07	9.83143363522731e-30
chr4	156589717	156589910	Chimp_hyper_OD	Human-specific	194	4	-18.6113825770257	0.2166	0.3911	0.144	0.5684	0.3586	0.7065	4.01970776591022e-10	0.00543142883333942	0.000384439495452905
chr13	98564154	98564456	Chimp_hyper_OD	Human-specific	303	4	-18.6052430915506	0.1518	0.4332	0.1938	0.7193	0.1618	0.5898	5.68804310978006e-10	0.050214065115144	0.00436201962422929
chr6	131547459	131548063	Chimp_hyper_OD	Human-specific	605	4	-18.4528487383697	0.6092	0.5254	0.5205	0.7475	0.7939	0.9462	4.3978810768415e-19	0.52889708792106	6.48422889119166e-20
chr12	1012468	1013325	Chimp_hyper_OD	Human-specific	858	4	-18.2745257284152	0.3521	0.5198	0.401	0.8101	0.3274	0.7046	6.01739791793811e-10	0.338472312601985	1.13353048095511e-10
chr22	42808652	42808752	Chimp_hyper_OD	Human-specific	101	4	-18.26548384069	0.294	0.4629	0.3258	0.7742	0.31	0.8147	5.86043706409235e-06	0.780231907823292	5.47950277086939e-09
chr6	16323116	16323285	Chimp_hyper_OD	Human-specific	170	4	-18.2571928354939	0.1898	0.1083	0.5525	0.7526	0.1234	0.4406	8.3429658610767e-06	0.00135698890888475	2.67718612853173e-16
chr20	57700553	57700607	Chimp_hyper_OD	Human-specific	55	5	-18.2368815502518	0.4902	0.6962	0.4799	0.8932	0.7196	0.9647	0.000400112006828215	0.300765442511997	0.00538151800695187
chr13	113704296	113704635	Chimp_hyper_OD	Human-specific	340	4	-18.2154561712939	0.1065	0.5172	0.1175	0.8175	0.191	0.9285	3.51570000724474e-07	0.529210872606581	6.70150889803714e-06
chr18	39545419	39545777	Chimp_hyper_OD	Human-specific	359	4	-18.2047364510472	0.301	0.3362	0.316	0.6725	0.5125	0.8807	2.7425755347733e-08	0.144834723894021	1.64178038532872e-13
chr4	158166321	158167679	Chimp_hyper_OD	Human-specific	1359	4	-18.1389077840482	0.4258	0.5337	0.5293	0.8482	0.6419	0.9069	4.57149236271951e-07	0.603629321172704	2.46233127194812e-07
chr14	29247728	29247846	Chimp_hyper_OD	Human-specific	119	4	-18.0275687523515	0.0577	0.1654	0.0417	0.3456	0.0375	0.4832	4.07035368431965e-10	0.00470624196423122	7.84897159977815e-35
chr8	57594139	57594725	Chimp_hyper_OD	Human-specific	587	4	-18.0014448572209	0.4871	0.5387	0.4637	0.8004	0.5064	0.8472	5.33681326536328e-09	0.410849578788716	5.4097208997794e-11
chr10	119311089	119311148	Chimp_hyper_OD	Human-specific	60	5	-17.9687203335811	0.2369	0.4994	0.2387	0.6806	0.3106	0.7669	0.00169407210242028	0.745093751376388	6.02381822377343e-06
chr9	35549498	35549648	Chimp_hyper_OD	Human-specific	151	4	-17.9115335345449	0.2042	0.2543	0.3215	0.6235	0.6807	0.9114	4.74655249437402e-08	0.98994193068261	1.00827009247308e-08
chr22	43843484	43843684	Chimp_hyper_OD	Human-specific	201	4	-17.8422818862523	0.3129	0.354	0.1576	0.5287	0.4014	0.8524	2.08775993911299e-09	0.00921631080796899	2.61545816533109e-23
chr8	20311579	20311646	Chimp_hyper_OD	Human-specific	68	4	-17.7965513711423	0.538	0.4229	0.5513	0.7008	0.5493	0.8131	4.48055867789711e-05	0.222315730137331	5.68751465314919e-12
chr1	230204526	230204608	Chimp_hyper_OD	Human-specific	83	4	-17.7276180205957	0.0119	0.093	0.0113	0.2633	0.0641	0.5513	9.55764360534473e-10	5.91306697201412e-05	2.11023769514587e-17
chr6	90385844	90385908	Chimp_hyper_OD	Human-specific	65	4	-17.7124728957469	0.2134	0.5468	0.1559	0.7368	0.2267	0.7268	2.3445587311454e-05	0.198317313276424	0.000287199350075118
chr13	44272940	44273529	Chimp_hyper_OD	Human-specific	590	4	-17.6936876144111	0.2421	0.3431	0.2504	0.4554	0.6152	0.8459	0.00678205154412934	0.412458991792922	0.00167289674684422
chr8	24859479	24859545	Chimp_hyper_OD	Human-specific	67	4	-17.61998462745	0.298	0.2607	0.3874	0.5828	0.312	0.6423	2.43140752291446e-06	0.00812479184701548	4.31430400599736e-16
chr13	113701454	113701766	Chimp_hyper_OD	Human-specific	313	4	-17.5301723984743	0.3638	0.6429	0.2677	0.8221	0.4242	0.8626	2.56353117786617e-05	0.156178261504871	0.00200173057345005
chr1	9910065	9910209	Chimp_hyper_OD	Human-specific	145	4	-17.4790457875115	0.2001	0.6367	0.1897	0.8879	0.1869	0.8512	6.11570550991655e-10	0.315701430169207	1.23703714060429e-08
chr18	35062758	35063066	Chimp_hyper_OD	Human-specific	309	4	-17.2644386998245	0.2963	0.7146	0.1742	0.8623	0.243	0.8441	1.93535842828966e-12	0.0561622160166006	2.69867656970172e-06
chr9	97774556	97774805	Chimp_hyper_OD	Human-specific	250	4	-17.2251885598779	0.4724	0.4964	0.3624	0.6362	0.5323	0.7526	5.95056006487718e-09	0.216889777002306	2.52231234627082e-05
chr2	145237782	145238752	Chimp_hyper_OD	Human-specific	971	4	-17.2178444442642	0.3458	0.3669	0.3089	0.5286	0.3414	0.5135	0.00109270314264313	0.813324535835994	0.00793583941739597
chr15	90643671	90643843	Chimp_hyper_OD	Human-specific	173	5	-17.0866006337574	0.0914	0.1222	0.1598	0.3252	0.1582	0.4056	0.00278978630128718	0.0338687850090658	3.82492653317898e-09
chr17	5609718	5610201	Chimp_hyper_OD	Human-specific	484	4	-17.0396783628502	0.485	0.352	0.4292	0.6334	0.5572	0.7594	5.11739742654425e-13	0.657263313886974	9.08265508800031e-20
chr17	35656911	35657834	Chimp_hyper_OD	Human-specific	924	4	-16.8671639439649	0.3045	0.2722	0.2999	0.5979	0.3581	0.8326	1.71053595325434e-14	1.10132411118847e-06	4.10397616948435e-41
chr6	109128982	109129320	Chimp_hyper_OD	Human-specific	339	4	-16.8359011420383	0.2344	0.6207	0.1991	0.8116	0.1525	0.8977	1.3936425996776e-05	0.000416505739025243	7.60423707454919e-19
chr17	61427592	61428031	Chimp_hyper_OD	Human-specific	440	4	-16.7504183529781	0.5631	0.5472	0.5996	0.7359	0.8613	0.9628	0.000567056554492685	0.0519410025698234	2.20351585283895e-05
chr13	95362404	95362496	Chimp_hyper_OD	Human-specific	93	5	-16.6866435454178	0.1723	0.2049	0.1574	0.3666	0.2939	0.4606	2.49448893520999e-05	0.175294037076911	0.00683055091956699
chr20	46021048	46021186	Chimp_hyper_OD	Human-specific	139	4	-16.5119492989184	0.3834	0.5481	0.4412	0.836	0.4426	0.8892	4.91531136935706e-05	0.320901587036099	1.29298129170653e-09
chr6	90120341	90120655	Chimp_hyper_OD	Human-specific	315	4	-16.4455741739523	0.0864	0.2681	0.0865	0.4413	0.0782	0.4942	1.39843999376232e-05	0.0597590153894399	1.45473176608416e-09
chr1	210027087	210027691	Chimp_hyper_OD	Human-specific	605	4	-16.4304466098733	0.6471	0.5667	0.6186	0.7623	0.7798	0.9349	0.000121456860045708	0.133815862854675	2.01607787146605e-08
chr6	9140612	9140913	Chimp_hyper_OD	Human-specific	302	4	-16.4094183478523	0.3384	0.3314	0.3659	0.7415	0.2789	0.6669	5.48514064096113e-17	0.680780836799892	1.04032805031101e-26
chr2	241501162	241501310	Chimp_hyper_OD	Human-specific	149	4	-16.3134646229153	0.1592	0.554	0.1188	0.682	0.2702	0.9244	8.30753514310944e-05	0.00681257213959464	8.56453417636127e-11
chr11	110055728	110056341	Chimp_hyper_OD	Human-specific	614	4	-16.1460101297368	0.556	0.6471	0.4763	0.7684	0.561	0.8853	2.5472294931742e-05	0.502386094797723	6.93824077477459e-12
chr20	58395057	58396055	Chimp_hyper_OD	Human-specific	999	4	-16.0879944731287	0.3519	0.4377	0.6887	0.8832	0.627	0.7706	3.55537404311606e-06	0.0291614901638916	0.00882802446018249
chr5	80314148	80314295	Chimp_hyper_OD	Human-specific	148	4	-15.9594143608138	0.6409	0.6946	0.5642	0.8616	0.7864	0.9594	0.000471000476339124	0.396744426423718	0.00501910040864003
chr1	87802019	87802322	Chimp_hyper_OD	Human-specific	304	4	-15.8046057007471	0.3194	0.5878	0.3438	0.854	0.3222	0.9426	5.65750044058338e-07	0.00619716266735573	1.23367964482269e-19
chr19	1273085	1273147	Chimp_hyper_OD	Human-specific	63	4	-15.8040977277647	0.4846	0.4102	0.5018	0.7525	0.647	0.8251	9.0009188350168e-06	0.681188060576121	1.18565930158315e-07
chr13	80623095	80623161	Chimp_hyper_OD	Human-specific	67	5	-15.7396490193562	0.0068	0.0839	0.008	0.2586	0.0617	0.4703	0.000206521059045342	0.1358376073847	2.81019712782495e-06
chr18	7459388	7459609	Chimp_hyper_OD	Human-specific	222	4	-15.7084299257205	0.8111	0.7961	0.7957	0.9464	0.8513	0.9566	6.23961140026682e-07	0.516446112076543	6.20179111802552e-08
chr3	182512799	182513334	Chimp_hyper_OD	Human-specific	536	4	-15.5074198820349	0.123	0.3132	0.1289	0.4568	0.1356	0.4763	0.00383912481198388	0.975028760192963	0.000941264285616749
chr15	41922474	41922976	Chimp_hyper_OD	Human-specific	503	4	-15.4118789757871	0.5952	0.6166	0.5258	0.7378	0.7633	0.886	1.17311186282777e-05	0.30937467547711	0.00120514676292757
chr1	114437750	114437899	Chimp_hyper_OD	Human-specific	150	4	-15.3868601902021	0.5434	0.5015	0.68	0.8024	0.3371	0.735	0.00273375645257646	2.51020018396005e-06	4.01956159422342e-19
chr2	2130906	2131386	Chimp_hyper_OD	Human-specific	481	4	-15.3438215146471	0.3114	0.5562	0.315	0.7033	0.2971	0.759	8.21840404127715e-07	0.766840324308636	9.67078211818239e-10
chr14	29247598	29247658	Chimp_hyper_OD	Human-specific	61	4	-15.3280161891218	0.0518	0.0865	0.0408	0.249	0.0259	0.3774	1.61599259438254e-09	0.00644496835420521	2.28926930897156e-25
chr2	130011149	130011383	Chimp_hyper_OD	Human-specific	235	4	-15.2317750979939	0.4176	0.4236	0.4789	0.6777	0.7479	0.8892	0.00644769465277147	0.86787319945567	0.000281935344133899
chr1	16242950	16243164	Chimp_hyper_OD	Human-specific	215	4	-15.1952506354214	0.8171	0.7679	0.7156	0.8963	0.8194	0.9311	4.87339184820888e-13	0.319822679029626	5.490895505432e-06
chr6	155782918	155783126	Chimp_hyper_OD	Human-specific	209	4	-15.0854603673127	0.3721	0.5552	0.5584	0.936	0.588	0.866	1.23143499977543e-09	0.0290026978255254	9.16592743805554e-05
chr8	72468077	72468207	Chimp_hyper_OD	Human-specific	131	4	-15.0660153368509	0.17	0.2048	0.1628	0.3625	0.121	0.2934	1.99270001258845e-08	0.849256560611811	1.07741371316141e-06
chr15	101741530	101741613	Chimp_hyper_OD	Human-specific	84	4	-14.5554617662707	0.2429	0.4132	0.2023	0.5967	0.6491	0.9347	4.38850664943539e-05	0.420543466824952	0.000853553130653251
chr2	200797842	200798173	Chimp_hyper_OD	Human-specific	332	4	-14.3198290391401	0.3046	0.369	0.3884	0.671	0.3522	0.7611	8.73469423496757e-05	0.0212143871526955	1.89801637729307e-20
chr7	39498069	39498130	Chimp_hyper_OD	Human-specific	62	4	-14.0741706654407	0.5839	0.6113	0.6871	0.8485	0.6181	0.9172	0.0107581111009851	0.00151379754153282	5.74085016353226e-08
chr10	63730114	63730377	Chimp_hyper_OD	Human-specific	264	4	-13.6220407200984	0.7052	0.6576	0.7261	0.828	0.6265	0.7686	0.000464565301913962	0.390261353968354	1.69185118849818e-06
chr2	47236002	47236117	Chimp_hyper_OD	Human-specific	116	4	-13.5422222649731	0.0096	0.0288	0.0094	0.166	0.0085	0.2187	0.000116737085971085	0.115972244472218	4.05537432574452e-10
chr3	21786958	21787592	Chimp_hyper_OD	Human-specific	635	4	-13.2797553867769	0.5148	0.7329	0.5115	0.9016	0.6113	0.9117	0.000757200965403369	0.280679024520415	0.0180807990023269
chr14	91225627	91225711	Chimp_hyper_OD	Human-specific	85	4	-13.16030695012	0.0793	0.5306	0.0917	0.7567	0.06	0.8399	3.65945500816919e-06	0.00740101197688378	1.14488631063504e-15
chr10	26509505	26510332	Chimp_hyper_OD	Human-specific	828	4	-13.0918967190378	0.4244	0.5343	0.5287	0.7957	0.5025	0.8035	0.000772587263333784	0.684531749402593	1.51538502524669e-09
chr13	113708709	113708797	Chimp_hyper_OD	Human-specific	89	4	-12.8869990253544	0.4197	0.4577	0.5829	0.8175	0.1535	0.8502	0.0028837565321478	1.37471583960478e-20	6.89536340070761e-39
chr14	91225151	91225566	Chimp_hyper_OD	Human-specific	416	4	-12.2197711810603	0.0782	0.0675	0.0802	0.2379	0.0668	0.7263	1.31247082449197e-09	4.41705110580972e-32	2.93035842007732e-86
chr11	19599445	19600393	Chimp_hyper_OD	Human-specific	949	4	-11.745690357911	0.1147	0.26	0.1466	0.5527	0.1449	0.5896	8.20722105169116e-17	0.00327459572119704	5.6412511961719e-45
