chr	str	end	type	specificity	length	nCG	areaStat	Human_ND	Human_OD	Chimp_ND	Chimp_OD	Macaq_ND	Macaq_OD	Bonferroni_interaction_HvsC	Bonferroni_interaction_MvsC	Bonferroni_interaction_MvsH
chr15	52229484	52230269	Chimp_hypo_ND	Human-specific	786	17	-124.860308873542	0.9512	0.9334	0.5825	0.9366	0.5946	0.803	1.03902302794949e-24	0.000185858812090859	1.5496249972325e-18
chr17	18860354	18861012	Chimp_hypo_ND	Human-specific	659	15	-108.68666954878	0.9487	0.9475	0.6639	0.9474	0.6528	0.9026	2.70889389919138e-27	0.0768041230267606	8.55707625443068e-36
chr10	12210854	12211774	Chimp_hypo_ND	Human-specific	921	18	-93.6615359082501	0.9233	0.9308	0.5772	0.8307	0.6634	0.918	1.53468152622467e-20	0.285051904515635	2.98450557435537e-29
chr4	185214459	185215352	Chimp_hypo_ND	Human-specific	894	11	-88.8626087393421	0.8367	0.7472	0.4558	0.8252	0.4094	0.7568	1.83628119334522e-22	0.572847477337332	2.26616762632115e-70
chr20	60433664	60434486	Chimp_hypo_ND	Human-specific	823	11	-82.3381736392082	0.9241	0.9347	0.4966	0.8902	0.5629	0.9009	2.65699366438435e-28	0.462644815480492	2.30355420637002e-50
chr1	175970252	175970879	Chimp_hypo_ND	Human-specific	628	9	-81.2436813191466	0.8234	0.9628	0.4563	0.9534	0.4591	0.9688	2.08117975561826e-26	0.316532612400868	4.07019035500536e-47
chr14	52157206	52157946	Chimp_hypo_ND	Human-specific	741	9	-75.0128605471084	0.963	0.9664	0.566	0.9618	0.6117	0.9752	4.25643916038615e-36	0.222126217098513	1.38248326725235e-64
chr9	86773307	86775169	Chimp_hypo_ND	Human-specific	1863	10	-72.3503879956476	0.9192	0.9331	0.6817	0.9421	0.631	0.9164	1.71187677512298e-36	0.651403300182002	2.64020295616066e-38
chr6	17809052	17809480	Chimp_hypo_ND	Human-specific	429	10	-71.0165241425494	0.9347	0.8803	0.7359	0.9366	0.7097	0.9496	4.65229837593151e-25	0.162956529314633	1.08090576145117e-58
chr19	33863332	33863472	Chimp_hypo_ND	Human-specific	141	11	-70.8332053042829	0.9479	0.8661	0.6039	0.9006	0.5468	0.8373	8.39391262249965e-15	0.585503624916566	1.49538983147287e-21
chr20	50236747	50237309	Chimp_hypo_ND	Human-specific	563	10	-68.8317426321208	0.8877	0.9281	0.5481	0.9228	0.6634	0.9032	1.41612119078464e-16	0.00418334096092015	1.87721772493825e-06
chr12	94659087	94659977	Chimp_hypo_ND	Human-specific	891	11	-68.699407951168	0.7658	0.8573	0.4666	0.858	0.511	0.8574	1.56651254581914e-20	0.849415127739672	1.00137914179207e-20
chr17	32855199	32855808	Chimp_hypo_ND	Human-specific	610	10	-66.7074220286031	0.7774	0.8928	0.5064	0.8869	0.3495	0.9058	7.89288747496225e-17	7.04784643818961e-06	7.10047574140676e-53
chr2	237505623	237506491	Chimp_hypo_ND	Human-specific	869	13	-64.2664423605282	0.9057	0.9248	0.7556	0.9158	0.555	0.865	3.05166966313665e-14	2.50499746448678e-06	1.00917600196317e-43
chr4	4377108	4378196	Chimp_hypo_ND	Human-specific	1089	8	-62.6027585367453	0.8811	0.8491	0.4891	0.8413	0.4094	0.5715	2.7833255782429e-61	7.14057465287429e-10	6.11053129126208e-16
chr18	617590	618253	Chimp_hypo_ND	Human-specific	664	13	-60.7335777093035	0.952	0.9161	0.7128	0.8897	0.7096	0.837	5.79535000616983e-30	0.0130601061121898	5.08125962059819e-10
chr14	85775767	85776171	Chimp_hypo_ND	Human-specific	405	8	-59.1944290434142	0.8822	0.9166	0.3965	0.8194	0.3993	0.9535	1.06770267517099e-32	2.56247065116484e-06	6.62627827976273e-57
chr4	95900285	95901205	Chimp_hypo_ND	Human-specific	921	8	-58.5732293841837	0.7241	0.6319	0.4826	0.7938	0.4392	0.6857	7.31579906881961e-15	0.349579101393011	8.39159274687428e-16
chr8	40270959	40271956	Chimp_hypo_ND	Human-specific	998	9	-57.9082641744668	0.6661	0.7197	0.4824	0.8631	0.4759	0.7244	1.4506053752073e-16	0.00052097976862194	2.61842506530464e-14
chr10	101188869	101189104	Chimp_hypo_ND	Human-specific	236	16	-57.5138732981271	0.8708	0.9349	0.6328	0.9427	0.6968	0.9547	1.5207259718658e-06	0.890098305621268	2.13344593126312e-07
chr10	5488871	5490350	Chimp_hypo_ND	Human-specific	1480	11	-56.7613673013139	0.8884	0.9289	0.6752	0.9192	0.4103	0.9053	1.95478445167272e-09	1.10175228805903e-08	6.2820008731557e-37
chr8	3974010	3974553	Chimp_hypo_ND	Human-specific	544	10	-56.3181138798075	0.9413	0.9575	0.668	0.9591	0.4766	0.7274	3.59789235439914e-28	0.00568711939410706	1.11747556763902e-15
chr1	10533262	10533483	Chimp_hypo_ND	Human-specific	222	9	-56.2047871267736	0.8822	0.8033	0.4217	0.6814	0.4481	0.65	1.47229982301247e-10	0.883858857908963	1.00941382967855e-10
chr21	44066760	44067264	Chimp_hypo_ND	Human-specific	505	11	-55.9210759448443	0.9656	0.9392	0.7057	0.8759	0.5552	0.8949	1.6571225916481e-11	0.00354400364591632	1.31166714859686e-33
chr2	174784800	174785126	Chimp_hypo_ND	Human-specific	327	6	-55.3836706701907	0.8163	0.7652	0.3913	0.7763	0.3735	0.9285	1.96405544176022e-25	8.79163261560409e-06	8.62213986669544e-141
chr11	102097518	102097745	Chimp_hypo_ND	Human-specific	228	6	-55.0581335731212	0.9182	0.8872	0.3975	0.8134	0.6207	0.9537	5.65934249078427e-49	0.70235775227884	1.16602996108639e-39
chr12	89147754	89149019	Chimp_hypo_ND	Human-specific	1266	9	-54.9671744118971	0.9108	0.912	0.6765	0.9045	0.5749	0.7981	6.90071562901645e-18	0.847810508446055	3.74471550358507e-23
chr10	98990269	98990714	Chimp_hypo_ND	Human-specific	446	8	-54.7956230202811	0.9593	0.8962	0.6885	0.918	0.6865	0.8007	2.71054819636384e-24	2.1242116330065e-08	4.82608809284556e-11
chr8	131658328	131658678	Chimp_hypo_ND	Human-specific	351	9	-54.4745249485476	0.9329	0.9592	0.617	0.9254	0.7011	0.9481	1.1483285467213e-17	0.303940324826863	5.33429623305326e-20
chr13	24720896	24721133	Chimp_hypo_ND	Human-specific	238	6	-54.1079619232892	0.971	0.9647	0.5758	0.9637	0.7008	0.905	4.24077055291187e-31	9.4167737303049e-06	2.54721459411287e-14
chr1	13943544	13944161	Chimp_hypo_ND	Human-specific	618	12	-53.315984718247	0.8158	0.9188	0.6088	0.9558	0.5849	0.9491	2.27492544784331e-26	0.3700450180052	1.58939047128774e-43
chr11	15956739	15957162	Chimp_hypo_ND	Human-specific	424	11	-52.6672044982105	0.9598	0.9419	0.7181	0.8928	0.6407	0.942	5.13453622280086e-10	0.0401621198128388	1.03625800318355e-47
chr19	5034324	5034802	Chimp_hypo_ND	Human-specific	479	9	-52.665930029755	0.7917	0.6793	0.4453	0.7561	0.4607	0.9244	1.77120857849295e-21	1.21722265647894e-09	1.4951103355343e-68
chr1	229251526	229252211	Chimp_hypo_ND	Human-specific	686	8	-52.5760979404511	0.9217	0.9472	0.5309	0.9215	0.6257	0.9599	1.05451575599036e-25	0.752507223917739	9.36355591539126e-54
chr6	105747874	105748121	Chimp_hypo_ND	Human-specific	248	6	-51.8879838249399	0.8913	0.9651	0.5132	0.9707	0.701	0.9394	1.20550472238858e-32	1.28562306523158e-09	9.68966039910253e-12
chr9	7751757	7752528	Chimp_hypo_ND	Human-specific	772	7	-51.7287190124652	0.779	0.8434	0.5476	0.9209	0.5277	0.9484	1.93130658803666e-36	0.021080841004403	1.52173336218706e-59
chr9	112375968	112376219	Chimp_hypo_ND	Human-specific	252	6	-51.1258591973835	0.9227	0.8833	0.3692	0.7413	0.3388	0.9167	9.69261797444761e-23	1.84652869440353e-05	5.50067304092626e-73
chr1	7150872	7151227	Chimp_hypo_ND	Human-specific	356	9	-50.942825565957	0.9229	0.9376	0.6636	0.9138	0.5888	0.9033	2.11440346926203e-09	0.214630537069469	7.19433637853747e-22
chr12	92838669	92839154	Chimp_hypo_ND	Human-specific	486	11	-50.4737132974718	0.8869	0.9149	0.6606	0.917	0.5891	0.951	5.92152789255882e-10	0.0380049959641209	1.52515109175659e-23
chr6	100301642	100303793	Chimp_hypo_ND	Human-specific	2152	9	-49.2032011862322	0.9056	0.8714	0.668	0.883	0.5121	0.7794	1.45855220904211e-18	0.325109377906035	1.31682134748475e-35
chr3	116829597	116830082	Chimp_hypo_ND	Human-specific	486	8	-48.8819224189316	0.9166	0.9402	0.5616	0.8607	0.5615	0.9206	1.89225302277055e-16	0.160854136562144	1.07887236999024e-24
chr10	132264190	132265000	Chimp_hypo_ND	Human-specific	811	11	-48.695913916081	0.8758	0.9338	0.6752	0.9551	0.7212	0.8756	2.73849636455454e-15	7.28531987284008e-07	5.6911935073688e-10
chr6	10710203	10710759	Chimp_hypo_ND	Human-specific	557	8	-48.5566117346281	0.8992	0.9601	0.6424	0.9523	0.7478	0.961	6.19133774244291e-18	0.0391418775374208	1.52137235925401e-15
chr7	55176012	55176730	Chimp_hypo_ND	Human-specific	719	8	-47.183828196219	0.9322	0.9462	0.638	0.9346	0.5099	0.9188	3.00426916557959e-34	0.0426663976933854	6.13471056689492e-30
chr10	18699081	18700136	Chimp_hypo_ND	Human-specific	1056	8	-46.6943181305302	0.926	0.966	0.703	0.9605	0.6567	0.9248	5.00327394415773e-14	0.971198710159112	5.07539503957768e-16
chr4	24125754	24126675	Chimp_hypo_ND	Human-specific	922	7	-46.4157228610184	0.8781	0.9407	0.4952	0.9361	0.4384	0.9358	3.58239307330991e-17	0.220210723537902	1.74543220781146e-42
chr16	66618272	66618942	Chimp_hypo_ND	Human-specific	671	9	-46.2961881394711	0.8775	0.9433	0.588	0.9393	0.5187	0.897	1.55245872435748e-12	0.685416948283267	2.55258258140485e-15
chr15	32940541	32940888	Chimp_hypo_ND	Human-specific	348	8	-46.2837343546775	0.9379	0.9649	0.6541	0.9522	0.3794	0.9618	1.30668802170826e-14	1.70083922221892e-09	2.05895370352358e-109
chr2	172216871	172217994	Chimp_hypo_ND	Human-specific	1124	7	-46.0814859272833	0.7532	0.8555	0.541	0.8861	0.4141	0.844	1.0998168967336e-06	0.174202891367437	3.02715486063673e-13
chr11	6327639	6329501	Chimp_hypo_ND	Human-specific	1863	9	-46.0647201172579	0.49	0.749	0.359	0.8017	0.3644	0.7181	6.54000443609404e-09	0.0101656036737655	5.70622973912149e-07
chr7	77324261	77324453	Chimp_hypo_ND	Human-specific	193	7	-45.8312405296813	0.9253	0.9462	0.4832	0.8457	0.6029	0.897	6.39759112966839e-14	0.341995807523961	1.23473221489768e-25
chr14	65655964	65656629	Chimp_hypo_ND	Human-specific	666	9	-45.7003321732476	0.9337	0.9401	0.7719	0.9479	0.7705	0.9329	4.77147482103499e-14	0.934281239343491	2.53115569554348e-17
chr5	9447328	9448134	Chimp_hypo_ND	Human-specific	807	6	-45.3894903062846	0.8078	0.8899	0.5404	0.9047	0.2698	0.7789	2.55744259598478e-18	0.00443259787708495	2.89276674242028e-69
chr12	107462544	107463159	Chimp_hypo_ND	Human-specific	616	7	-45.2307646298815	0.8841	0.9583	0.5664	0.9538	0.0748	0.8267	9.37048731678663e-28	5.53078604345037e-21	1.33682977796801e-95
chr3	56121372	56122277	Chimp_hypo_ND	Human-specific	906	9	-44.9195217591579	0.7617	0.9351	0.4794	0.9055	0.618	0.9144	9.0711203590833e-08	0.0935263359175667	2.33646489545928e-06
chr11	60659644	60659999	Chimp_hypo_ND	Human-specific	356	6	-44.8339751332658	0.7913	0.9037	0.356	0.8966	0.4806	0.9076	6.49304830686034e-20	0.0735641158997712	2.59705370695239e-18
chr8	3086244	3086516	Chimp_hypo_ND	Human-specific	273	9	-44.3435633925776	0.5143	0.9501	0.2155	0.9152	0.2688	0.9215	2.29273207337596e-10	0.0589287831960683	1.29245430644067e-09
chr7	28111266	28111639	Chimp_hypo_ND	Human-specific	374	7	-43.9985898243652	0.7159	0.9155	0.4565	0.9444	0.1698	0.8916	6.97657325980806e-17	4.61331091637823e-07	6.40033395590143e-43
chr13	113561798	113562223	Chimp_hypo_ND	Human-specific	426	9	-43.8228028986021	0.7541	0.9193	0.4928	0.9365	0.5463	0.9552	1.18296976280045e-09	0.737557765221853	1.08472031784727e-20
chr6	68281715	68282835	Chimp_hypo_ND	Human-specific	1121	7	-43.7842377778903	0.9091	0.9146	0.6729	0.9092	0.6747	0.9067	6.97246561985507e-24	0.985964090662949	2.64029159309058e-31
chr1	15059268	15059738	Chimp_hypo_ND	Human-specific	471	8	-43.7675490055844	0.8573	0.8644	0.5071	0.8092	0.3465	0.8003	2.1500370153249e-11	0.000859742578162313	4.27447446480069e-28
chr12	20778280	20778717	Chimp_hypo_ND	Human-specific	438	5	-43.3027836805051	0.9484	0.9488	0.6027	0.9377	0.4506	0.8875	9.0726578975129e-34	0.127676579224753	5.19457295566321e-21
chr4	110089754	110090515	Chimp_hypo_ND	Human-specific	762	5	-43.2320109871223	0.8336	0.9498	0.4112	0.9095	0.4758	0.8403	8.02541588588329e-32	1.15786986527901e-05	2.8312394156283e-08
chr2	215394187	215394530	Chimp_hypo_ND	Human-specific	344	5	-43.2303146641473	0.929	0.9508	0.6605	0.9656	0.582	0.9451	2.10713249000754e-30	0.776105743718598	1.48697142109263e-34
chr1	54408588	54408931	Chimp_hypo_ND	Human-specific	344	7	-43.1839033137354	0.8957	0.9308	0.6924	0.9413	0.7242	0.9691	1.33621580369429e-10	0.563101221369465	2.62955017561977e-21
chr4	181483131	181483276	Chimp_hypo_ND	Human-specific	146	4	-43.034453685719	0.9408	0.9163	0.4641	0.9127	0.4728	0.6534	1.36418365779099e-25	1.90665748474803e-05	1.24170741716474e-06
chr2	1841043	1841354	Chimp_hypo_ND	Human-specific	312	7	-42.9877829951669	0.5538	0.7263	0.2726	0.8115	0.1514	0.7928	9.58914474202562e-23	0.000371008708345839	3.76317376677751e-39
chr5	179664174	179664848	Chimp_hypo_ND	Human-specific	675	9	-42.8060263188447	0.8268	0.9512	0.5833	0.9524	0.2349	0.7521	1.48224504143523e-10	0.0839284956621283	2.52410471149689e-29
chr7	14711982	14712727	Chimp_hypo_ND	Human-specific	746	5	-42.7370569278037	0.9174	0.9491	0.5424	0.9446	0.7277	0.9491	1.73008058920922e-25	0.000143613915629437	1.26989121890966e-15
chr18	74477240	74478054	Chimp_hypo_ND	Human-specific	815	6	-42.5153794689504	0.8363	0.7055	0.6155	0.884	0.3754	0.6979	3.71546154028464e-19	0.475891339812716	5.73386175118702e-35
chr12	67660588	67660724	Chimp_hypo_ND	Human-specific	137	5	-42.3764176338727	0.9642	0.9534	0.6291	0.9614	0.7647	0.925	4.51803114798292e-29	0.00016663033766984	3.81788074919267e-06
chr21	41598945	41600897	Chimp_hypo_ND	Human-specific	1953	7	-42.3227077704206	0.8581	0.8571	0.597	0.9173	0.6339	0.9029	2.99608270743707e-25	0.1597623179868	1.39257078997174e-24
chr14	80681495	80682173	Chimp_hypo_ND	Human-specific	679	10	-42.1124230865788	0.8369	0.9632	0.6836	0.968	0.6355	0.9625	7.51890643566726e-09	0.15132174894749	4.66456250334563e-16
chr12	108889970	108890620	Chimp_hypo_ND	Human-specific	651	7	-41.8485632270301	0.808	0.7818	0.5441	0.8468	0.66	0.8376	5.28194874150819e-21	0.00639496108005373	3.29754049491895e-09
chr6	11877120	11878092	Chimp_hypo_ND	Human-specific	973	8	-41.7683823594584	0.908	0.9034	0.6479	0.8719	0.4936	0.8709	6.17550003268173e-22	0.0048897371722659	2.39848826736851e-23
chr8	30284954	30285293	Chimp_hypo_ND	Human-specific	340	6	-41.7258327023759	0.9661	0.9058	0.6428	0.8683	0.4781	0.8705	2.46577360181702e-35	0.000467440691667998	1.17768243364464e-46
chr12	96943950	96944309	Chimp_hypo_ND	Human-specific	360	6	-41.6385474411341	0.967	0.945	0.6931	0.9658	0.8182	0.9614	4.85334807807022e-23	0.00106726002145727	1.02085873389845e-13
chr4	17543839	17545512	Chimp_hypo_ND	Human-specific	1674	8	-41.5896230672635	0.8398	0.8442	0.6738	0.9028	0.5612	0.7946	2.30602494789265e-19	0.00171459553823467	3.28155521259185e-11
chr8	87921802	87922323	Chimp_hypo_ND	Human-specific	522	4	-41.4466984560427	0.8832	0.9016	0.4885	0.9283	0.5657	0.9361	1.82282127598259e-47	0.0811985532902312	1.84960563689375e-38
chr13	46181981	46182972	Chimp_hypo_ND	Human-specific	992	8	-41.3153479171933	0.8927	0.9382	0.6453	0.9269	0.6108	0.9223	5.20592331943459e-17	0.834630035727393	3.46138964326359e-25
chr7	85118831	85119632	Chimp_hypo_ND	Human-specific	802	4	-41.3133553522765	0.9574	0.9109	0.5968	0.916	0.5211	0.9108	7.89664473530259e-25	0.287755151277614	8.66709442094309e-69
chr22	43819711	43819963	Chimp_hypo_ND	Human-specific	253	7	-41.2680924415697	0.4436	0.8072	0.2971	0.8766	0.1878	0.7424	7.81337980393081e-11	0.216714862061544	5.51278973704903e-06
chr2	238634382	238635388	Chimp_hypo_ND	Human-specific	1007	9	-41.2289302750463	0.7063	0.6663	0.532	0.7227	0.4275	0.5942	7.14683087341913e-15	0.0144538507799386	1.63262954353305e-11
chr16	74602940	74603378	Chimp_hypo_ND	Human-specific	439	4	-41.1015917547268	0.8592	0.7589	0.4862	0.8321	0.5776	0.9356	1.60838359548076e-42	0.208072153138911	5.4255905081681e-86
chr4	42952378	42953593	Chimp_hypo_ND	Human-specific	1216	7	-41.0463699181284	0.9101	0.9511	0.6851	0.942	0.5851	0.9432	2.88519979589343e-11	0.00152163851023599	3.67850658449427e-32
chr1	230268546	230268740	Chimp_hypo_ND	Human-specific	195	5	-40.8535688936578	0.8245	0.7283	0.5534	0.8076	0.6015	0.791	4.95115556468361e-36	0.0981442570682222	5.49011591860313e-20
chr8	123864683	123865080	Chimp_hypo_ND	Human-specific	398	8	-40.4660811734296	0.7054	0.5422	0.4288	0.7453	0.4274	0.8179	1.67972582200861e-13	0.0350417626944081	4.94494426149456e-21
chr2	43237771	43238433	Chimp_hypo_ND	Human-specific	663	5	-40.4590275972157	0.9409	0.8352	0.5662	0.8488	0.3163	0.7219	1.24232164031074e-28	0.233322050353689	7.78247551565119e-59
chr3	81799925	81800252	Chimp_hypo_ND	Human-specific	328	8	-40.263190380578	0.8189	0.9378	0.5768	0.9562	0.5824	0.9376	4.34546892657114e-14	0.412256784256139	2.16918231644134e-06
chr6	7742051	7742843	Chimp_hypo_ND	Human-specific	793	10	-40.1936827067914	0.7943	0.8178	0.6195	0.8775	0.1359	0.7986	2.07833262160084e-14	2.03271343181521e-25	1.39571837178863e-84
chr21	39810072	39810684	Chimp_hypo_ND	Human-specific	613	8	-40.1530445254804	0.9238	0.897	0.6863	0.8823	0.7432	0.9	1.47351531626858e-18	0.00514671222233919	1.94168522028363e-13
chr16	28302222	28302445	Chimp_hypo_ND	Human-specific	224	7	-39.8576121924295	0.7456	0.7635	0.4461	0.7612	0.5087	0.798	7.09723996332746e-20	0.850717709488223	1.51249715858732e-09
chr4	100762027	100762918	Chimp_hypo_ND	Human-specific	892	6	-39.5621289352694	0.9546	0.9261	0.7193	0.9247	0.6632	0.8404	7.10231782825273e-15	0.21320855738183	4.49112860697507e-12
chr2	232090849	232091443	Chimp_hypo_ND	Human-specific	595	7	-39.2099637120718	0.9229	0.9585	0.6681	0.9633	0.6984	0.9012	1.4628564629178e-10	0.0353176191288683	1.242984026737e-05
chr12	73056883	73057961	Chimp_hypo_ND	Human-specific	1079	6	-39.0435111568252	0.9173	0.8821	0.6758	0.8865	0.6385	0.777	5.92404147610613e-14	0.0937317574057389	2.82105824041556e-12
chr7	71961997	71962295	Chimp_hypo_ND	Human-specific	299	7	-39.0144714591284	0.8752	0.9414	0.4746	0.9054	0.4128	0.9294	1.32871956995606e-23	0.00198010483134755	6.24557422655233e-53
chr11	6322865	6323541	Chimp_hypo_ND	Human-specific	677	6	-38.8848916294575	0.8215	0.8655	0.493	0.8591	0.625	0.8353	7.03802337490777e-14	0.00434242101725549	3.35306898402977e-11
chr16	11233066	11234026	Chimp_hypo_ND	Human-specific	961	6	-38.4521987528747	0.9257	0.8227	0.6726	0.8844	0.4957	0.8566	2.09166280262775e-17	4.46971669620193e-05	2.29643916386665e-104
chr5	1919563	1920254	Chimp_hypo_ND	Human-specific	692	7	-38.3130981722236	0.7979	0.8847	0.5531	0.8766	0.579	0.8609	4.20522077377151e-08	0.180069473843942	3.87136856836606e-09
chr1	236215274	236216323	Chimp_hypo_ND	Human-specific	1050	8	-38.3048368958122	0.6554	0.6468	0.4122	0.5968	0.4238	0.8726	2.87938510331067e-09	4.01953283736249e-10	1.0637427030063e-45
chr7	1612552	1612822	Chimp_hypo_ND	Human-specific	271	10	-38.2368567289076	0.8862	0.9446	0.6327	0.912	0.498	0.8467	3.17755944935862e-11	0.394233226789342	5.50142337976276e-31
chr2	7172693	7172842	Chimp_hypo_ND	Human-specific	150	8	-38.1008551747589	0.9381	0.9562	0.7089	0.9537	0.7884	0.9347	2.95190331599797e-14	0.000259131587312839	1.39182993387172e-05
chr2	106532730	106533231	Chimp_hypo_ND	Human-specific	502	6	-37.8953072422059	0.96	0.9578	0.6398	0.9502	0.639	0.9611	2.95977185743654e-09	0.934408430110338	3.86017219315708e-25
chr21	30326807	30327404	Chimp_hypo_ND	Human-specific	598	5	-37.8548899167378	0.9613	0.9339	0.7383	0.9398	0.777	0.9757	3.76729646491308e-22	0.662680422861762	3.01780289331121e-36
chr18	67488439	67488939	Chimp_hypo_ND	Human-specific	501	5	-37.610182493244	0.9027	0.9274	0.4924	0.9457	0.3479	0.9228	1.68615840274549e-29	0.0150473015722582	3.05165439471541e-57
chr7	52117935	52118188	Chimp_hypo_ND	Human-specific	254	7	-37.4813792742996	0.8163	0.8493	0.6823	0.9243	0.4836	0.8158	1.37674129403587e-14	0.312496801656205	3.98964915244654e-15
chr6	168157828	168158189	Chimp_hypo_ND	Human-specific	362	10	-37.3655902546047	0.6967	0.9537	0.5174	0.9662	0.4094	0.9335	3.6079113834274e-09	0.47357262577802	2.63974904364297e-09
chr13	23212376	23212957	Chimp_hypo_ND	Human-specific	582	5	-37.2375012130865	0.9135	0.9093	0.6432	0.912	0.754	0.8988	1.75408761728348e-23	1.85006576251708e-06	2.42229283043383e-16
chr13	108534406	108535628	Chimp_hypo_ND	Human-specific	1223	7	-37.2150329269133	0.8119	0.8412	0.6679	0.8988	0.4912	0.6283	1.15946087014167e-16	6.8910410391039e-05	1.10264783211185e-06
chr16	65235948	65236797	Chimp_hypo_ND	Human-specific	850	7	-37.2047137752718	0.9069	0.9246	0.6182	0.8707	0.4884	0.8462	4.94817351570228e-36	0.000164638804166965	8.1535005955457e-47
chr18	39527524	39527871	Chimp_hypo_ND	Human-specific	348	9	-36.6201158697695	0.7628	0.9346	0.5075	0.9418	0.4276	0.8769	4.18615964064744e-07	0.358410985280567	1.80774508922134e-06
chr12	62886488	62886615	Chimp_hypo_ND	Human-specific	128	5	-36.4493936368771	0.9575	0.9575	0.6053	0.9656	0.5814	0.9626	1.7401764107949e-25	0.587781459849283	8.11415396970863e-28
chr10	79314522	79315675	Chimp_hypo_ND	Human-specific	1154	7	-36.4339853056381	0.8394	0.8233	0.5436	0.8791	0.5666	0.8496	1.50461247221343e-13	0.794760684224472	6.08188528736366e-41
chr12	131541329	131541754	Chimp_hypo_ND	Human-specific	426	9	-36.0455046871347	0.845	0.824	0.7365	0.8681	0.5433	0.8948	7.05551885534091e-07	1.07070149714676e-07	1.66010820671252e-25
chr22	47542969	47543856	Chimp_hypo_ND	Human-specific	888	6	-35.9097560989101	0.9145	0.9566	0.5631	0.9654	0.7032	0.9376	1.08640943317081e-36	2.79801460456661e-05	1.21322685992699e-18
chr19	1918818	1919346	Chimp_hypo_ND	Human-specific	529	8	-35.8810725424214	0.8926	0.9154	0.6949	0.9559	0.4535	0.9186	2.71206332013709e-16	0.0181922090829745	1.13604223932837e-26
chr5	6844116	6844190	Chimp_hypo_ND	Human-specific	75	4	-35.8151600918339	0.6455	0.7734	0.1297	0.8365	0.2554	0.895	8.27627126593266e-37	0.284329750700484	1.36496088232956e-39
chr14	23649268	23649361	Chimp_hypo_ND	Human-specific	94	7	-35.779223321753	0.6209	0.8892	0.3467	0.9171	0.2927	0.8815	2.45765426993143e-05	0.870650519908113	1.60380465477424e-08
chr7	7653165	7654041	Chimp_hypo_ND	Human-specific	877	6	-35.4177210889196	0.8761	0.9016	0.7105	0.9378	0.5215	0.7717	5.29370020386273e-17	0.845330202534658	3.46065548219104e-17
chr13	54152706	54153104	Chimp_hypo_ND	Human-specific	399	6	-35.3611010333902	0.8344	0.8989	0.6877	0.9308	0.5673	0.8651	2.39992378800811e-16	0.338474130941793	8.9925218812732e-27
chr21	38606640	38607025	Chimp_hypo_ND	Human-specific	386	7	-35.3388173953117	0.9331	0.9474	0.7699	0.9544	0.8424	0.9446	2.29609696078895e-14	0.0431497528762755	1.35944669296249e-08
chr2	211025695	211025824	Chimp_hypo_ND	Human-specific	130	7	-35.1795130532646	0.941	0.9604	0.7104	0.9598	0.8008	0.9402	3.55156323068753e-12	0.008119877476565	1.46341549437824e-06
chr8	37384117	37384573	Chimp_hypo_ND	Human-specific	457	9	-35.1134349039786	0.7781	0.9425	0.5918	0.943	0.6253	0.947	0.000100795270824127	0.726678235114856	0.000178421878515389
chr12	97452417	97452790	Chimp_hypo_ND	Human-specific	374	4	-34.8893434436116	0.9518	0.9282	0.5828	0.9135	0.6462	0.9128	5.20944604486647e-21	0.403025901068513	2.87226668405875e-28
chr7	143784596	143785324	Chimp_hypo_ND	Human-specific	729	7	-34.8760984232424	0.7201	0.7788	0.6102	0.8464	0.4138	0.8759	4.72416095431719e-06	1.47008056768069e-05	1.20775386735605e-29
chr2	179142446	179142947	Chimp_hypo_ND	Human-specific	502	6	-34.793157273768	0.7227	0.7031	0.5066	0.832	0.5436	0.7422	1.94158950649272e-11	0.0975846938078524	1.6147355929058e-05
chr10	57147113	57147913	Chimp_hypo_ND	Human-specific	801	5	-34.7421024908673	0.6753	0.8887	0.498	0.9255	0.3979	0.8098	1.48522928242213e-15	0.849173437666112	4.09930661113109e-08
chr13	28108113	28108684	Chimp_hypo_ND	Human-specific	572	7	-34.5424089517737	0.8648	0.8576	0.6562	0.9101	0.4011	0.7856	3.82885343153993e-18	0.0294352355294282	1.27518324762691e-29
chr2	172739126	172739424	Chimp_hypo_ND	Human-specific	299	6	-34.5183202803688	0.8053	0.951	0.5095	0.9619	0.6423	0.9666	3.88191681097221e-12	0.0188009910104391	1.23621032751451e-10
chr5	121367530	121368003	Chimp_hypo_ND	Human-specific	474	5	-34.5119627008448	0.8546	0.7401	0.321	0.5672	0.3746	0.7041	7.27398750311661e-25	0.177576680381703	5.62921802790447e-40
chr4	79522630	79522754	Chimp_hypo_ND	Human-specific	125	5	-34.443499896142	0.9049	0.9174	0.608	0.9284	0.4008	0.8373	4.05149808268514e-15	0.272982286251444	4.20926664253391e-35
chr6	130931653	130932495	Chimp_hypo_ND	Human-specific	843	5	-34.2836353236665	0.8794	0.8561	0.5553	0.869	0.6752	0.8504	3.3476376267309e-43	1.20380837550001e-06	1.37554583213119e-23
chr3	56685448	56686109	Chimp_hypo_ND	Human-specific	662	6	-34.2043818109979	0.8399	0.7949	0.649	0.8527	0.7174	0.8416	9.4807425236899e-17	0.0047046227271602	4.07742318838437e-06
chr11	8568340	8568854	Chimp_hypo_ND	Human-specific	515	6	-34.1938813635996	0.9209	0.9645	0.6642	0.9346	0.6015	0.9636	1.9106470053458e-14	0.0149396475936207	1.76595138067461e-37
chr1	6182457	6182727	Chimp_hypo_ND	Human-specific	271	5	-33.9578027929828	0.8481	0.9438	0.5285	0.9228	0.5274	0.9168	3.43335793839433e-13	0.893738583637194	1.6462282915899e-21
chr13	53664849	53666159	Chimp_hypo_ND	Human-specific	1311	6	-33.9363624197634	0.797	0.8127	0.6785	0.8918	0.6794	0.8838	8.93676522377665e-10	0.873962810227656	6.35839774496349e-24
chr10	71225158	71225464	Chimp_hypo_ND	Human-specific	307	5	-33.869100975062	0.9425	0.8368	0.5305	0.7684	0.3213	0.6953	3.12407090262644e-16	0.0875223912317818	5.07743063881223e-31
chr2	218664651	218664886	Chimp_hypo_ND	Human-specific	236	5	-33.6818371835424	0.9347	0.8797	0.5643	0.8059	0.5506	0.853	2.76589034542803e-13	0.276571633772981	5.0392963148146e-20
chr2	629077	629276	Chimp_hypo_ND	Human-specific	200	10	-33.4992851274405	0.8467	0.8811	0.5734	0.7693	0.4074	0.8556	0.000878415636682653	3.71452621726584e-08	6.10219920807525e-39
chr5	142294517	142294871	Chimp_hypo_ND	Human-specific	355	7	-33.4393773767513	0.7473	0.9281	0.4592	0.9587	0.3205	0.9571	1.05337887284934e-14	0.0103030207715588	6.79361854369457e-48
chr1	157120499	157120949	Chimp_hypo_ND	Human-specific	451	6	-33.0492141643591	0.9507	0.9521	0.6889	0.9075	0.65	0.9257	1.08948924518815e-08	0.207301138236296	3.28072172358753e-26
chr14	68826216	68826954	Chimp_hypo_ND	Human-specific	739	7	-33.006723317037	0.8397	0.7568	0.52	0.7446	0.5126	0.7205	3.63590950446509e-10	0.571591696549338	7.28844352250479e-14
chr10	105576253	105576749	Chimp_hypo_ND	Human-specific	497	5	-32.9225532903628	0.7494	0.8043	0.2964	0.7521	0.3802	0.8914	1.21261818029913e-22	0.00832669194876551	2.53639086737098e-61
chr10	22421729	22422008	Chimp_hypo_ND	Human-specific	280	7	-32.8121948619756	0.7253	0.8941	0.4641	0.9299	0.3618	0.7959	3.08025819088211e-14	0.0922724946413255	5.02355258923612e-08
chr9	107719358	107720456	Chimp_hypo_ND	Human-specific	1099	7	-32.8101677239393	0.9465	0.9463	0.7074	0.9418	0.7339	0.9355	5.96777551540639e-25	0.164745779894462	6.05918663130423e-37
chr17	64816237	64816941	Chimp_hypo_ND	Human-specific	705	6	-32.6216633095734	0.917	0.9449	0.6538	0.9245	0.6308	0.9155	4.38743431241731e-11	0.975712844171287	1.10885865709692e-36
chr8	860077	860182	Chimp_hypo_ND	Human-specific	106	7	-32.5056597285722	0.9266	0.9149	0.7223	0.9036	0.5698	0.9387	7.75598762811503e-12	1.26592997868663e-08	2.37011206119798e-49
chr6	123554125	123554601	Chimp_hypo_ND	Human-specific	477	5	-32.4305669866807	0.6195	0.768	0.4468	0.8961	0.4246	0.8742	7.31502513766311e-23	0.294409047092225	5.68087184275779e-28
chr8	131832537	131832835	Chimp_hypo_ND	Human-specific	299	5	-32.2862530693664	0.8605	0.8778	0.4768	0.8559	0.5496	0.9073	2.90319497928378e-26	0.426960767500749	6.42657010760949e-37
chr1	154555938	154556397	Chimp_hypo_ND	Human-specific	460	6	-32.2019035435087	0.5473	0.7552	0.3925	0.904	0.2773	0.8973	9.31211326247015e-32	0.00612499120634895	6.1363467674781e-34
chr10	79820061	79820602	Chimp_hypo_ND	Human-specific	542	7	-32.0135795379134	0.7802	0.7759	0.5657	0.7074	0.5554	0.7802	0.000205591925507181	0.391759391980576	2.38176913925638e-09
chr9	111300187	111300575	Chimp_hypo_ND	Human-specific	389	5	-31.9692814936295	0.8694	0.8695	0.5142	0.8726	0.5369	0.9046	7.81616460426001e-13	0.712817131997161	4.19403357835625e-28
chr12	56653048	56653230	Chimp_hypo_ND	Human-specific	183	7	-31.8975070075251	0.7683	0.8069	0.4777	0.7953	0.5214	0.7103	2.68351447236256e-12	0.00606567970960103	9.84081566948605e-06
chr15	91799767	91800119	Chimp_hypo_ND	Human-specific	353	6	-31.8926770986784	0.7889	0.9036	0.5342	0.9173	0.4966	0.8134	1.58371466607e-12	0.0224798512624461	1.20662461278136e-07
chr4	76770416	76770884	Chimp_hypo_ND	Human-specific	469	6	-31.7874608020698	0.8386	0.8287	0.6037	0.8891	0.6401	0.8438	4.70588697977804e-09	0.728382109833697	3.8794313264988e-14
chr20	57386504	57386580	Chimp_hypo_ND	Human-specific	77	6	-31.771507748622	0.9215	0.9461	0.7011	0.9406	0.7018	0.9073	2.43218642365025e-09	0.312712721378087	1.27072506075514e-10
chr3	112455863	112456937	Chimp_hypo_ND	Human-specific	1075	6	-31.6907149993884	0.8963	0.922	0.6447	0.8684	0.6726	0.8348	1.84152123894868e-10	0.125002548038706	1.14546845287399e-07
chr11	37203544	37203895	Chimp_hypo_ND	Human-specific	352	5	-31.6058856394007	0.8593	0.7989	0.5816	0.8381	0.3407	0.868	1.596015543711e-15	1.97146401740619e-08	2.05592830316756e-50
chr3	109522786	109523234	Chimp_hypo_ND	Human-specific	449	8	-31.5826893580959	0.7734	0.9182	0.6146	0.9412	0.5985	0.8793	2.25700873333117e-12	0.0218010005105887	5.12651820319444e-06
chr20	49491842	49492076	Chimp_hypo_ND	Human-specific	235	8	-31.5702351533683	0.8976	0.9394	0.7412	0.9509	0.7233	0.959	5.13610692730381e-11	0.499318685850024	1.69378638038372e-08
chr11	74528550	74528711	Chimp_hypo_ND	Human-specific	162	5	-31.4166384214927	0.7257	0.8135	0.4679	0.9045	0.3857	0.9145	3.43256015233189e-13	0.14698702876783	1.57027678889133e-21
chr2	12238056	12238269	Chimp_hypo_ND	Human-specific	214	6	-31.1919346289611	0.7925	0.9616	0.5552	0.9677	0.4979	0.9619	9.38265258171576e-08	0.22558888912426	8.88406737813765e-11
chr10	2518687	2518854	Chimp_hypo_ND	Human-specific	168	7	-31.1506266846088	0.8981	0.9235	0.6982	0.9054	0.7629	0.8925	8.61964942660841e-11	0.0603425525189392	0.000133010295385883
chr8	61842176	61842904	Chimp_hypo_ND	Human-specific	729	7	-31.1141789819602	0.8694	0.8594	0.7432	0.9414	0.5072	0.7314	5.30467220644609e-15	0.217933447233595	6.9596681711338e-12
chr8	55193099	55193359	Chimp_hypo_ND	Human-specific	261	6	-31.1037651261222	0.869	0.8965	0.7112	0.9243	0.5688	0.9033	4.99970006283626e-08	0.186268648673535	1.08894973566262e-11
chr1	18623841	18624376	Chimp_hypo_ND	Human-specific	536	4	-31.042390678395	0.8781	0.9527	0.5352	0.9519	0.6929	0.951	4.83961938920347e-16	0.0285503030850121	0.000491358636759607
chr2	169374391	169374605	Chimp_hypo_ND	Human-specific	215	5	-31.0306433262878	0.6563	0.9315	0.4228	0.9378	0.5161	0.9162	3.37198455394914e-09	0.0113750854329691	0.00231288335143613
chr10	103227729	103228435	Chimp_hypo_ND	Human-specific	707	7	-30.971396204522	0.6321	0.842	0.494	0.8926	0.4174	0.9497	6.36333808880334e-20	1.05394785833853e-08	8.35727081048357e-38
chr11	123198920	123199182	Chimp_hypo_ND	Human-specific	263	4	-30.8154841915061	0.9288	0.9289	0.6186	0.9322	0.6141	0.8069	3.14120041220055e-21	0.000172253765257129	1.53413892119831e-08
chr1	245844082	245844182	Chimp_hypo_ND	Human-specific	101	8	-30.744616212201	0.7297	0.9517	0.4446	0.9633	0.318	0.9453	3.00536549844516e-06	0.317150867249279	7.60094475388509e-18
chr3	74834137	74834494	Chimp_hypo_ND	Human-specific	358	4	-30.6476783860369	0.8527	0.9101	0.47	0.925	0.6072	0.8954	9.34893309571236e-13	0.0414257677629695	1.04234585642757e-18
chr8	66357253	66357775	Chimp_hypo_ND	Human-specific	523	5	-30.6465235986665	0.9042	0.926	0.7393	0.9587	0.7727	0.9396	6.50686580588909e-16	0.196070787704863	8.24452926417554e-13
chr2	104343957	104344099	Chimp_hypo_ND	Human-specific	143	5	-30.6425287220761	0.7803	0.9653	0.4361	0.951	0.4238	0.9508	2.90855264782746e-09	0.821866221537272	6.01404232893594e-16
chr2	10759936	10760591	Chimp_hypo_ND	Human-specific	656	4	-30.6366496119133	0.7969	0.9192	0.4459	0.896	0.4055	0.9342	1.80139789664972e-07	0.0521277987363403	1.27805613976085e-32
chr11	109740945	109741373	Chimp_hypo_ND	Human-specific	429	8	-30.6342866227805	0.93	0.9512	0.7685	0.9305	0.5026	0.9321	3.59509642641915e-05	2.7242555140225e-05	2.50043176478197e-39
chr8	4603796	4604532	Chimp_hypo_ND	Human-specific	737	5	-30.5308267913316	0.781	0.9389	0.4556	0.8762	0.4115	0.711	1.70336848125845e-06	0.0213620657898021	0.00961552772350579
chr2	230513218	230513687	Chimp_hypo_ND	Human-specific	470	7	-30.4774934788797	0.8261	0.85	0.7021	0.9013	0.6313	0.9252	2.0691637918573e-12	0.00636522613807199	1.02518091864328e-27
chr13	107346711	107347317	Chimp_hypo_ND	Human-specific	607	6	-30.4752756542948	0.8406	0.9544	0.6391	0.9556	0.4261	0.9288	9.38605260779689e-09	0.00407915078699321	1.73302192168501e-25
chr2	178903588	178903879	Chimp_hypo_ND	Human-specific	292	5	-30.3758342980979	0.9078	0.8908	0.6349	0.902	0.5933	0.8601	2.23948654616017e-19	0.748046582519089	2.10585509323646e-27
chr5	87848044	87849189	Chimp_hypo_ND	Human-specific	1146	7	-30.3423413925223	0.652	0.5894	0.4364	0.5721	0.4848	0.6332	3.66117065485707e-12	0.680323292313672	2.67943980829852e-12
chr14	93182430	93183017	Chimp_hypo_ND	Human-specific	588	6	-30.3415810520467	0.848	0.9581	0.6455	0.9522	0.5427	0.9434	4.4758295599274e-09	0.0145437229925733	3.60786313143847e-20
chr21	33388547	33389268	Chimp_hypo_ND	Human-specific	722	6	-30.2809058683539	0.7811	0.9514	0.5402	0.9457	0.5429	0.9251	1.14093038442914e-13	0.078985415447262	1.41270678872939e-13
chr9	23819990	23820342	Chimp_hypo_ND	Human-specific	353	9	-30.2540914526915	0.7714	0.9254	0.6236	0.9314	0.4484	0.7923	2.84698277011362e-05	0.425369514622144	0.00034167413811067
chr14	71771202	71771652	Chimp_hypo_ND	Human-specific	451	6	-30.1893974557444	0.8731	0.948	0.619	0.9239	0.4801	0.8125	3.83170124167013e-06	0.800983963870362	4.28116540753313e-10
chr18	66412977	66413764	Chimp_hypo_ND	Human-specific	788	5	-30.1241868955663	0.9141	0.918	0.7861	0.9511	0.7021	0.8691	2.90907149889454e-13	0.151722745678423	2.52409724927881e-05
chr2	196529984	196530620	Chimp_hypo_ND	Human-specific	637	5	-30.0784109717946	0.7508	0.8921	0.4233	0.9243	0.3752	0.9267	1.57151885085094e-09	0.0257480037181954	8.69834817204011e-25
chr13	98194991	98196071	Chimp_hypo_ND	Human-specific	1081	9	-30.0373098677969	0.9369	0.9057	0.7948	0.9003	0.5935	0.8146	1.42627583873965e-07	0.000402737199132341	1.45304392600774e-26
chr2	131501189	131501294	Chimp_hypo_ND	Human-specific	106	4	-29.9759903628068	0.9196	0.9271	0.4007	0.8852	0.3043	0.6966	3.56409152049972e-15	0.0516018418506944	4.61135506027978e-16
chr2	120203977	120204207	Chimp_hypo_ND	Human-specific	231	6	-29.9240118418136	0.9231	0.851	0.6706	0.9168	0.3682	0.8762	1.33540635813917e-07	0.0182980479503051	2.36651846851609e-52
chr2	177668796	177669455	Chimp_hypo_ND	Human-specific	660	5	-29.8830352466943	0.9278	0.9074	0.6232	0.8022	0.509	0.9079	2.62548499358486e-14	7.23915053565969e-08	4.07307145622743e-61
chr15	28049397	28049783	Chimp_hypo_ND	Human-specific	387	6	-29.8771310155507	0.9363	0.9162	0.7877	0.9254	0.4454	0.8401	1.05081708784173e-24	2.40070742147632e-09	1.07141892211426e-51
chr5	67066889	67068162	Chimp_hypo_ND	Human-specific	1274	6	-29.816265276243	0.8755	0.7772	0.7388	0.8834	0.6715	0.8862	3.30092251442158e-18	0.178446927462015	1.28033196718279e-35
chr4	170916602	170916761	Chimp_hypo_ND	Human-specific	160	7	-29.7965865085782	0.9596	0.8829	0.8171	0.92	0.8029	0.9568	1.35513427370469e-09	0.0194262349000226	2.29259280563819e-29
chr5	147465688	147466131	Chimp_hypo_ND	Human-specific	444	4	-29.7575062515639	0.6498	0.7708	0.4188	0.8629	0.5323	0.8775	7.49750536688306e-17	0.0292427881826386	7.44311229415047e-18
chr12	4794284	4794536	Chimp_hypo_ND	Human-specific	253	4	-29.7470239967015	0.95	0.9506	0.5932	0.9367	0.6535	0.9417	1.53247805939806e-36	0.485300334734758	8.31201629616044e-26
chr12	24907989	24908651	Chimp_hypo_ND	Human-specific	663	5	-29.6221464927135	0.8296	0.8772	0.4584	0.7772	0.5275	0.9292	1.97269908647153e-07	0.0214951582070906	1.60636870018743e-29
chr3	56898671	56899421	Chimp_hypo_ND	Human-specific	751	5	-29.6200547933508	0.7479	0.9587	0.486	0.9364	0.528	0.9724	1.2292422849384e-07	0.326589235031803	5.89732323308938e-11
chr1	81287990	81289292	Chimp_hypo_ND	Human-specific	1303	4	-29.6144255097919	0.9189	0.8694	0.642	0.8942	0.7236	0.9308	4.88544071910239e-25	0.291914316348811	6.15931310411347e-23
chr16	51018121	51018739	Chimp_hypo_ND	Human-specific	619	7	-29.5616924806715	0.9168	0.9613	0.7158	0.9332	0.6951	0.9252	1.07807735753208e-05	0.608818835850768	1.91166983125594e-12
chr5	103263735	103263952	Chimp_hypo_ND	Human-specific	218	5	-29.5414278759504	0.8524	0.9153	0.5956	0.9107	0.1935	0.8573	4.00329101696875e-11	7.20166054739987e-15	7.2849906573968e-52
chr2	241501466	241501875	Chimp_hypo_ND	Human-specific	410	7	-29.5174961290662	0.7493	0.8891	0.5221	0.9179	0.5335	0.9199	4.34528802817502e-08	0.811045304051513	2.89042909852589e-09
chr2	71602327	71602592	Chimp_hypo_ND	Human-specific	266	4	-29.509884717818	0.8566	0.8839	0.6038	0.9044	0.6794	0.9702	4.53214998929495e-20	0.656562793459609	3.45368195176146e-25
chr7	31702941	31703434	Chimp_hypo_ND	Human-specific	494	4	-29.4903136798892	0.9069	0.8991	0.6554	0.9343	0.6746	0.9575	7.61430204393111e-35	0.669704641901828	5.21955226908572e-33
chr5	62809757	62810323	Chimp_hypo_ND	Human-specific	567	5	-29.4500419113263	0.8443	0.7504	0.5214	0.9354	0.6375	0.8317	3.01682991288672e-54	3.84038360227534e-07	4.3078769637377e-19
chr17	9106096	9106301	Chimp_hypo_ND	Human-specific	206	6	-29.4452803722486	0.8876	0.9749	0.6645	0.9646	0.4202	0.9576	1.45406539454309e-07	5.40635673520302e-06	1.08566522791445e-29
chr6	139582446	139582592	Chimp_hypo_ND	Human-specific	147	4	-29.4021304854961	0.9544	0.9723	0.6958	0.9698	0.5671	0.9624	1.43328798427492e-20	0.0212951058131776	1.64631358918429e-39
chr5	78095223	78095436	Chimp_hypo_ND	Human-specific	214	5	-29.3700180021077	0.7365	0.8902	0.3039	0.946	0.1726	0.728	2.97819070319413e-21	0.0335255321719395	7.1960040758828e-15
chr8	29176325	29176457	Chimp_hypo_ND	Human-specific	133	4	-29.3010532739507	0.7598	0.8742	0.3932	0.8784	0.4695	0.9124	1.70531011841019e-14	0.486250346178057	3.66078932327203e-15
chr2	2259283	2259596	Chimp_hypo_ND	Human-specific	314	8	-29.2723523484023	0.7863	0.9427	0.5765	0.9269	0.6248	0.9115	1.24787057939482e-05	0.128149538481522	2.72896840588059e-05
chr10	33998637	33998919	Chimp_hypo_ND	Human-specific	283	6	-29.1432409022261	0.8218	0.8722	0.661	0.8919	0.5481	0.8515	1.35086998542026e-16	0.473229507330001	5.77541234161982e-24
chr8	40591909	40592088	Chimp_hypo_ND	Human-specific	180	5	-29.0296699295733	0.943	0.9405	0.7361	0.9516	0.6105	0.9106	1.25609758414812e-16	0.169629357314288	1.26877463235743e-24
chr3	46519312	46519771	Chimp_hypo_ND	Human-specific	460	5	-28.7791073747775	0.9565	0.897	0.762	0.9409	0.4782	0.9179	2.29275085276162e-20	1.60356885346217e-07	9.25403321397481e-115
chr6	22773157	22773842	Chimp_hypo_ND	Human-specific	686	4	-28.5960838464396	0.9296	0.9594	0.5441	0.8901	0.6516	0.868	2.66879751336242e-18	0.000754736002705608	1.71040075130151e-05
chr10	65463235	65463469	Chimp_hypo_ND	Human-specific	235	6	-28.5461428624594	0.927	0.9307	0.6897	0.8893	0.6096	0.7319	3.46135868035807e-05	0.0292216236275292	0.00302816373698038
chr8	97333661	97333857	Chimp_hypo_ND	Human-specific	197	6	-28.5419201603045	0.723	0.8007	0.5894	0.8277	0.4737	0.7383	8.93607967639134e-08	0.810327330437205	3.47976715451464e-08
chr8	120079545	120079949	Chimp_hypo_ND	Human-specific	405	4	-28.5319991911617	0.9556	0.9259	0.6863	0.9119	0.4928	0.9209	4.82760243470523e-11	0.000255126869666358	1.28635196590629e-69
chr7	4878781	4879093	Chimp_hypo_ND	Human-specific	313	6	-28.5207858917858	0.9546	0.9615	0.8108	0.9682	0.8174	0.9223	7.64898836103573e-11	0.00624358897631548	4.28502510357774e-08
chr13	109738077	109738673	Chimp_hypo_ND	Human-specific	597	5	-28.4423934142019	0.9484	0.9006	0.8175	0.9513	0.8375	0.9484	5.53011069193058e-23	0.203531191662093	5.87829931997246e-26
chr15	102185737	102186387	Chimp_hypo_ND	Human-specific	651	4	-28.4197807811167	0.8243	0.8007	0.4339	0.7819	0.3799	0.8203	1.85047052306482e-37	0.0176752290955048	8.88727950569405e-70
chr18	53218735	53219382	Chimp_hypo_ND	Human-specific	648	5	-28.3664951697396	0.8408	0.9503	0.5392	0.9078	0.5086	0.898	1.71154526467659e-13	0.984009101039668	1.22178514780888e-17
chr13	31620197	31620403	Chimp_hypo_ND	Human-specific	207	6	-28.3604655765313	0.7791	0.9408	0.4516	0.9242	0.5011	0.9369	2.38437554213703e-08	0.947187227967256	1.04483970230583e-11
chr10	5647097	5647454	Chimp_hypo_ND	Human-specific	358	6	-28.3254764471394	0.7757	0.9218	0.5237	0.9109	0.342	0.9239	2.72950313377411e-07	3.92479404867842e-05	2.09123854199661e-30
chr6	16312472	16312692	Chimp_hypo_ND	Human-specific	221	5	-28.2502407522982	0.8344	0.9089	0.6202	0.9031	0.597	0.8923	2.20661849363349e-09	0.968251503587945	1.11601808445804e-12
chr10	76793851	76794590	Chimp_hypo_ND	Human-specific	740	8	-28.1601892047397	0.6954	0.6131	0.5305	0.6823	0.5569	0.6609	3.99151801486071e-07	0.43595664049264	1.29670195114335e-07
chr6	111026770	111027280	Chimp_hypo_ND	Human-specific	511	5	-28.0954188524459	0.9362	0.945	0.7213	0.9572	0.6881	0.8968	3.16481730790582e-22	0.0143310555674482	9.60404871590076e-14
chr17	5662880	5663503	Chimp_hypo_ND	Human-specific	624	6	-28.0630714282507	0.941	0.9104	0.6996	0.8721	0.7567	0.9015	8.2356392225356e-21	0.891327349222651	1.84281371707157e-15
chr16	82821161	82822373	Chimp_hypo_ND	Human-specific	1213	6	-28.0155347061813	0.7567	0.8232	0.5462	0.9127	0.4997	0.7868	1.28323451629375e-24	0.000157750728710168	4.46471137448235e-13
chr18	56601499	56601982	Chimp_hypo_ND	Human-specific	484	6	-27.9142678376666	0.8701	0.8582	0.5539	0.7763	0.5576	0.8227	4.68783913525502e-14	0.230870194833748	1.33314396900848e-38
chr12	125290587	125290729	Chimp_hypo_ND	Human-specific	143	6	-27.8078771318604	0.8983	0.948	0.698	0.9629	0.7051	0.9671	2.69976069074722e-10	0.940271155485668	2.81978581690177e-11
chr5	61292327	61292654	Chimp_hypo_ND	Human-specific	328	4	-27.7093226495878	0.8765	0.9613	0.5792	0.9679	0.6208	0.9297	6.38836796163808e-12	0.0129785423453481	4.50910126588709e-08
chr13	51564578	51564831	Chimp_hypo_ND	Human-specific	254	6	-27.6378498516763	0.5357	0.4335	0.3214	0.5	0.156	0.3489	3.63364876861631e-11	0.546032564937758	3.15920396826317e-18
chr16	89441470	89441558	Chimp_hypo_ND	Human-specific	89	7	-27.6065747585659	0.8938	0.8586	0.7552	0.8774	0.6809	0.8734	1.79251348963637e-06	0.198242338221851	1.76213517464257e-11
chr16	25421034	25421387	Chimp_hypo_ND	Human-specific	354	4	-27.5838969137557	0.8652	0.8549	0.3034	0.7067	0.3508	0.7043	4.43427773139857e-14	0.273165975500339	1.44451671979067e-16
chr3	101914566	101915872	Chimp_hypo_ND	Human-specific	1307	5	-27.5280366392964	0.8118	0.8247	0.6502	0.8555	0.6084	0.828	4.09925244938772e-07	0.292775141162294	1.50503765457955e-11
chr12	23510442	23510551	Chimp_hypo_ND	Human-specific	110	4	-27.5263334917224	0.8406	0.7786	0.6161	0.8661	0.7207	0.8807	1.07176509051387e-12	0.0743233827182578	4.83468594460688e-09
chr12	41951122	41951620	Chimp_hypo_ND	Human-specific	499	5	-27.4953146679389	0.8071	0.9252	0.3302	0.8533	0.4391	0.9198	6.84883558133061e-16	0.768410100397382	3.21530135139813e-43
chr18	56596698	56597393	Chimp_hypo_ND	Human-specific	696	5	-27.3946973973979	0.7383	0.7148	0.4448	0.6149	0.1335	0.276	4.07633040619753e-06	0.103116621361909	1.62660694496659e-11
chr22	19631263	19631730	Chimp_hypo_ND	Human-specific	468	7	-27.3340769704281	0.6511	0.8628	0.4727	0.8738	0.22	0.7796	2.41728763810045e-08	0.0128087298015878	3.29159654525281e-19
chr5	17266829	17266899	Chimp_hypo_ND	Human-specific	71	8	-27.32951133539	0.7449	0.9571	0.5374	0.9703	0.6197	0.9707	0.000265795368845989	0.217815357314846	0.0124654399128081
chr12	122480604	122480867	Chimp_hypo_ND	Human-specific	264	5	-27.2364850519424	0.7763	0.8002	0.473	0.8068	0.5605	0.8319	1.2149904246081e-14	0.403730382532863	3.44036510518926e-11
chr20	23258533	23259217	Chimp_hypo_ND	Human-specific	685	4	-27.19716160547	0.8863	0.883	0.5869	0.9022	0.696	0.9184	6.65652127859608e-32	0.00257682495799769	1.08970725345965e-29
chr12	81096666	81097136	Chimp_hypo_ND	Human-specific	471	6	-27.133563159799	0.7196	0.676	0.5688	0.757	0.5713	0.7163	2.40249336200994e-11	0.2148088631889	2.21016170971157e-13
chr8	90702128	90702492	Chimp_hypo_ND	Human-specific	365	4	-27.1261478334419	0.8822	0.9423	0.6247	0.9541	0.3745	0.8063	8.19085751996245e-14	0.861993347680063	5.10371251569024e-22
chr22	48868449	48868815	Chimp_hypo_ND	Human-specific	367	6	-27.1158064235939	0.9192	0.9273	0.7623	0.9356	0.4363	0.9185	3.34603692401598e-12	1.97619080521308e-14	8.24397080144164e-65
chr3	43494832	43495317	Chimp_hypo_ND	Human-specific	486	6	-27.0739764286445	0.9458	0.9664	0.79	0.9695	0.8311	0.9649	1.33156668916312e-10	0.771052591023036	1.76382979744915e-13
chr13	99210086	99210333	Chimp_hypo_ND	Human-specific	248	4	-27.0371646871805	0.9249	0.8446	0.5149	0.8543	0.2303	0.3949	6.77924482815806e-30	0.000575610123954837	1.0993459643798e-09
chr8	56592043	56593001	Chimp_hypo_ND	Human-specific	959	6	-26.9142637737429	0.8011	0.8346	0.678	0.8936	0.5531	0.7565	8.23202176555331e-10	0.375973241091994	2.34167754661485e-08
chr5	172340406	172340546	Chimp_hypo_ND	Human-specific	141	5	-26.9037415489093	0.9076	0.8885	0.6807	0.9512	0.6079	0.8841	3.16822566513397e-14	0.668750595841	2.90569341522158e-23
chr13	111291198	111291248	Chimp_hypo_ND	Human-specific	51	5	-26.871225536159	0.8386	0.9126	0.5346	0.898	0.604	0.947	8.42023824374275e-07	0.824342988473989	5.05747055563336e-09
chr2	86695089	86695604	Chimp_hypo_ND	Human-specific	516	5	-26.8560435199535	0.9601	0.9531	0.7939	0.9397	0.6941	0.957	1.54444807000126e-20	0.00130400047890337	5.01882483891789e-41
chr11	116337586	116338028	Chimp_hypo_ND	Human-specific	443	4	-26.8408272048358	0.8609	0.8686	0.478	0.8628	0.4849	0.82	4.94045289818549e-14	0.346695534540856	8.60650362863801e-11
chr5	72899672	72900100	Chimp_hypo_ND	Human-specific	429	6	-26.6000093060194	0.9363	0.9551	0.7437	0.9346	0.7202	0.878	2.86182378023884e-12	0.390374453284856	0.0154200035981988
chr4	186280675	186281299	Chimp_hypo_ND	Human-specific	625	6	-26.5533594894262	0.6916	0.8354	0.3238	0.8015	0.258	0.6725	3.01716962051733e-34	0.000282166643348485	1.78365780904689e-16
chr2	105995071	105995250	Chimp_hypo_ND	Human-specific	180	4	-26.4325081290217	0.8793	0.9173	0.5965	0.957	0.6597	0.9171	7.3103791786793e-12	0.159797948076914	1.50179660212068e-07
chr8	133851693	133852329	Chimp_hypo_ND	Human-specific	637	6	-26.20733240606	0.9359	0.9612	0.824	0.9486	0.7561	0.9331	4.22141995843519e-07	0.379865774179762	1.95928087299719e-10
chr12	70149877	70150428	Chimp_hypo_ND	Human-specific	552	6	-26.1994498691514	0.7384	0.8926	0.5304	0.8382	0.6163	0.8643	3.89533420061056e-07	0.0791422703099889	0.0188087104802759
chr9	34025121	34025647	Chimp_hypo_ND	Human-specific	527	4	-26.0528757270375	0.8978	0.961	0.6675	0.9718	0.3399	0.907	2.80342789806625e-12	0.000220678513482709	3.81472632556043e-43
chr13	52703783	52703949	Chimp_hypo_ND	Human-specific	167	6	-25.9845433299648	0.8795	0.9658	0.6068	0.9056	0.6084	0.8849	3.6260229112955e-09	0.231160437804823	3.43345829263385e-06
chr21	25839867	25840015	Chimp_hypo_ND	Human-specific	149	7	-25.9426485793431	0.808	0.9452	0.6293	0.9594	0.5165	0.9128	8.56412118169341e-06	0.698262472245541	4.26004340749008e-08
chr8	54806689	54807157	Chimp_hypo_ND	Human-specific	469	6	-25.8070584605888	0.9339	0.9201	0.733	0.9049	0.6945	0.8872	3.66010079696371e-08	0.821761988022382	6.52730459172125e-18
chr6	148867071	148867608	Chimp_hypo_ND	Human-specific	538	5	-25.733382350544	0.9436	0.9529	0.6776	0.9372	0.682	0.9433	2.24044737410336e-18	0.583305341820782	1.97544432010568e-29
chr4	15145695	15146144	Chimp_hypo_ND	Human-specific	450	4	-25.7268148973253	0.571	0.511	0.399	0.5725	0.2155	0.5358	1.05705405563331e-06	1.36243576705781e-09	1.43251208836932e-42
chr1	7027930	7028184	Chimp_hypo_ND	Human-specific	255	5	-25.7165072629808	0.7447	0.793	0.5228	0.8423	0.4782	0.8323	1.63873899992083e-09	0.819194579686955	4.67690292943877e-13
chr12	2340475	2340831	Chimp_hypo_ND	Human-specific	357	4	-25.7039091562391	0.8504	0.8484	0.6528	0.8803	0.6119	0.802	2.02183058348727e-13	0.0700337573461189	4.81934389302598e-09
chr9	104727678	104729656	Chimp_hypo_ND	Human-specific	1979	6	-25.6855013855037	0.8451	0.8606	0.643	0.7851	0.3994	0.7519	2.55268714969291e-08	7.98201873756104e-06	2.29450155084675e-22
chr6	57143903	57144416	Chimp_hypo_ND	Human-specific	514	5	-25.6276315770842	0.8286	0.751	0.6464	0.8577	0.7138	0.836	1.38019208466793e-10	0.193837655315831	1.36081548011554e-16
chr13	91934859	91935795	Chimp_hypo_ND	Human-specific	937	4	-25.4999564730085	0.8954	0.9111	0.6482	0.9122	0.6811	0.9419	8.75468206878236e-14	0.986576364020405	1.71034446860953e-14
chr1	52284991	52285908	Chimp_hypo_ND	Human-specific	918	5	-25.4316232331916	0.7858	0.9033	0.622	0.9051	0.3027	0.8918	1.9739629439521e-07	6.91924512955591e-22	6.47586969477001e-80
chr8	40155450	40156420	Chimp_hypo_ND	Human-specific	971	6	-25.427516607364	0.6651	0.8479	0.5476	0.8739	0.5094	0.8307	7.93778489302647e-08	0.271356060769381	9.47664502467675e-05
chr3	123369116	123369528	Chimp_hypo_ND	Human-specific	413	5	-25.4001134784853	0.9443	0.8524	0.678	0.8617	0.7211	0.8692	3.41962967523535e-08	0.607927853756843	9.09929348597837e-19
chr19	52210989	52211620	Chimp_hypo_ND	Human-specific	632	5	-25.3610765567197	0.9035	0.8885	0.6417	0.8776	0.7312	0.8445	5.50296551699667e-12	0.0206610193658386	3.60308824439276e-11
chr12	101438153	101439546	Chimp_hypo_ND	Human-specific	1394	4	-25.3162484980789	0.6036	0.5796	0.3556	0.5999	0.4252	0.7199	1.49975686777948e-16	0.298490790647444	4.24071981231411e-21
chr5	113653557	113653698	Chimp_hypo_ND	Human-specific	142	4	-25.2979003388251	0.9359	0.91	0.5946	0.8501	0.5312	0.8667	7.77675864720394e-15	0.114201314413841	2.26634393706245e-22
chr6	111028072	111028353	Chimp_hypo_ND	Human-specific	282	5	-25.2881909326393	0.8694	0.9407	0.6297	0.9317	0.4315	0.9554	1.26389629976406e-05	4.47049810302743e-05	6.78220408551485e-25
chr12	121678799	121679030	Chimp_hypo_ND	Human-specific	232	5	-25.2082454089304	0.5355	0.6511	0.3034	0.7879	0.269	0.8617	6.42066093632832e-10	0.0970865865142693	6.22356436686203e-17
chr7	157038815	157039064	Chimp_hypo_ND	Human-specific	250	4	-25.1979557278311	0.6726	0.9326	0.4312	0.9509	0.2708	0.9373	1.01776851894981e-09	0.0636907688160276	1.03565253293859e-18
chr6	91644266	91644535	Chimp_hypo_ND	Human-specific	270	5	-25.1184604251514	0.9502	0.9238	0.7064	0.8606	0.6138	0.9235	3.9585279932007e-13	1.90874570755867e-06	1.09034443843348e-30
chr6	14025539	14025990	Chimp_hypo_ND	Human-specific	452	5	-25.1104068755283	0.9451	0.944	0.7919	0.9546	0.7263	0.9644	1.55626867581125e-07	0.124719114300605	1.27463486594963e-26
chr4	88995629	88995808	Chimp_hypo_ND	Human-specific	180	6	-24.9815837390178	0.9349	0.9556	0.7106	0.9288	0.5882	0.9525	3.4849525198756e-06	0.0120696962878544	8.01826186851928e-32
chr3	37932149	37932450	Chimp_hypo_ND	Human-specific	302	6	-24.9511074927119	0.8336	0.9517	0.613	0.9453	0.6848	0.9502	1.2324003058459e-08	0.385549116238609	9.21986312364365e-06
chr6	76707315	76708869	Chimp_hypo_ND	Human-specific	1555	5	-24.9069380066979	0.8713	0.8201	0.7354	0.8849	0.6825	0.8638	3.46897917653602e-20	0.861551573682399	4.62270366177455e-38
chr6	16860049	16860398	Chimp_hypo_ND	Human-specific	350	4	-24.8950184270605	0.7604	0.946	0.4255	0.8963	0.5258	0.9255	1.90015600702441e-13	0.171586128135897	1.17705230696698e-10
chr6	28134884	28135186	Chimp_hypo_ND	Human-specific	303	4	-24.8846195705974	0.9274	0.9272	0.6783	0.916	0.6762	0.9104	8.10441345445315e-10	0.903832614016253	2.31115372134226e-22
chr3	85292937	85293609	Chimp_hypo_ND	Human-specific	673	5	-24.8377834294442	0.9548	0.9542	0.7363	0.943	0.6934	0.81	1.54371973564295e-13	0.000624331006263613	6.04456574108539e-06
chr2	177612565	177612803	Chimp_hypo_ND	Human-specific	239	6	-24.8322246469259	0.9054	0.9088	0.6959	0.8816	0.7413	0.9274	1.34520990519036e-08	0.433895899106365	6.77875253099104e-12
chr13	91223715	91223809	Chimp_hypo_ND	Human-specific	95	5	-24.826210133086	0.7166	0.9227	0.4787	0.9504	0.5351	0.928	3.6603072891402e-10	0.0745101965909132	8.68621460278705e-07
chr9	35647891	35648027	Chimp_hypo_ND	Human-specific	137	5	-24.7988102977987	0.935	0.8586	0.6818	0.8567	0.232	0.8717	1.71085055660749e-10	1.42352912909919e-15	1.61809696121245e-73
chr13	112982148	112982338	Chimp_hypo_ND	Human-specific	191	5	-24.7499656580083	0.8938	0.9379	0.6697	0.9265	0.5519	0.9524	8.48147515177372e-18	7.46682315995926e-05	5.14896453701998e-26
chr9	101167071	101167656	Chimp_hypo_ND	Human-specific	586	5	-24.7033209559731	0.7145	0.9462	0.5695	0.9527	0.5753	0.9323	5.73033353320272e-07	0.617523830986966	2.1545735371627e-07
chr12	72800086	72800791	Chimp_hypo_ND	Human-specific	706	4	-24.6010605936025	0.87	0.9431	0.5885	0.8726	0.4877	0.8547	1.50817560433531e-05	0.0945767434420033	6.9269167100331e-17
chr14	31549963	31550138	Chimp_hypo_ND	Human-specific	176	4	-24.3285253545391	0.9001	0.9563	0.531	0.9494	0.66	0.9266	1.683273658557e-16	0.00662154554759482	2.91580428520897e-10
chr10	26771204	26771341	Chimp_hypo_ND	Human-specific	138	5	-24.2876289117393	0.8737	0.8094	0.6794	0.8393	0.4116	0.7943	6.84473788207285e-07	0.000519399583773034	5.65913759545625e-26
chr11	74327669	74328485	Chimp_hypo_ND	Human-specific	817	4	-24.2388639727004	0.8833	0.957	0.6331	0.9649	0.6988	0.948	2.64522030122848e-11	0.00720073843980244	1.10065520279438e-11
chr12	56864269	56864404	Chimp_hypo_ND	Human-specific	136	4	-24.1755772305277	0.8366	0.9004	0.5985	0.9504	0.7039	0.9548	1.05936881531951e-13	0.0203175110968653	6.38258904413776e-10
chr1	49914299	49915716	Chimp_hypo_ND	Human-specific	1418	6	-24.057640030794	0.8528	0.8756	0.7509	0.9132	0.7506	0.8969	2.03386887713269e-08	0.281777508080637	0.000310529192063869
chr11	18807227	18807671	Chimp_hypo_ND	Human-specific	445	4	-24.0467485633304	0.7822	0.9312	0.3473	0.7968	0.373	0.8477	4.85461368159943e-09	0.572655726178662	1.75899034907283e-12
chr17	47860084	47861069	Chimp_hypo_ND	Human-specific	986	6	-23.9047090936365	0.6513	0.8449	0.4424	0.8269	0.1057	0.6406	1.46208658170883e-07	7.51606096558611e-06	1.5486134215428e-29
chr19	57292516	57292841	Chimp_hypo_ND	Human-specific	326	4	-23.8038752534923	0.9601	0.9561	0.5978	0.884	0.7676	0.8851	1.25626595030926e-24	9.86944743379431e-05	8.65189624511967e-10
chr1	14889342	14889459	Chimp_hypo_ND	Human-specific	118	4	-23.7977903751151	0.9338	0.8976	0.6279	0.8646	0.5944	0.9494	5.17437630554618e-12	0.000985552107070936	1.70604750837578e-48
chr1	160076686	160077027	Chimp_hypo_ND	Human-specific	342	5	-23.7830842639097	0.9129	0.9536	0.6829	0.9439	0.7254	0.9616	3.72648695363324e-10	0.691824913910822	5.06270957204258e-21
chr13	110496707	110496781	Chimp_hypo_ND	Human-specific	75	5	-23.6982472614146	0.9301	0.9149	0.5946	0.8123	0.7581	0.9495	1.41860272680543e-08	0.553703978615663	5.88921197414461e-12
chr1	101552151	101553196	Chimp_hypo_ND	Human-specific	1046	4	-23.5384961204607	0.9563	0.8996	0.7603	0.8914	0.6186	0.7286	9.05452222255637e-15	0.293218346952455	9.33468209515358e-12
chr13	36657004	36657772	Chimp_hypo_ND	Human-specific	769	5	-23.4301375120854	0.7345	0.933	0.4284	0.9119	0.4517	0.8951	4.32397277266496e-13	0.633084980718118	2.45999677049696e-16
chr7	53759679	53759831	Chimp_hypo_ND	Human-specific	153	4	-23.4164019053523	0.9368	0.9352	0.6355	0.9372	0.34	0.8589	2.04562869493203e-20	0.000130762403251167	3.1239485170083e-33
chr18	37531610	37531760	Chimp_hypo_ND	Human-specific	151	4	-23.3814495085427	0.9428	0.9461	0.7289	0.9347	0.4828	0.9004	2.74124133265133e-11	7.67647071638499e-05	2.88916172781535e-31
chr5	109661777	109662157	Chimp_hypo_ND	Human-specific	381	4	-23.3759739606185	0.8889	0.9265	0.6048	0.9374	0.5717	0.8948	1.55783332059378e-14	0.318983758942317	8.15681369667309e-11
chr11	68248036	68248884	Chimp_hypo_ND	Human-specific	849	4	-23.3404914073438	0.7483	0.6273	0.3472	0.5196	0.4129	0.6969	7.90976602777457e-14	0.00307549273557155	3.74553034652462e-29
chr8	10209426	10209673	Chimp_hypo_ND	Human-specific	248	6	-23.3279536563515	0.3437	0.9573	0.1101	0.917	0.112	0.8927	1.5444170494512e-09	0.420731089828509	1.39972678823829e-06
chr10	46028678	46029224	Chimp_hypo_ND	Human-specific	547	4	-23.3272255340145	0.9106	0.8981	0.6839	0.9054	0.6396	0.9333	5.07988636132469e-19	0.211940293119137	3.43137453354161e-19
chr1	184448187	184448594	Chimp_hypo_ND	Human-specific	408	5	-23.2545971224392	0.9114	0.9177	0.7486	0.9264	0.6799	0.9554	1.21610543701545e-07	0.00183150107595515	2.10163061795183e-22
chr17	76085709	76086207	Chimp_hypo_ND	Human-specific	499	5	-23.1697357611242	0.8039	0.8779	0.4922	0.8279	0.4456	0.909	1.9050504274253e-05	0.00060505555949625	1.12079743521954e-32
chr16	14374090	14374808	Chimp_hypo_ND	Human-specific	719	5	-23.1384752884315	0.7739	0.7669	0.4631	0.6976	0.5894	0.8197	9.99243692022885e-10	0.749813270623635	1.37835545051249e-14
chr9	111756717	111756954	Chimp_hypo_ND	Human-specific	238	4	-23.1356329716846	0.9337	0.961	0.6604	0.9644	0.5872	0.9623	2.80836613564594e-14	0.204346993844733	1.53087712323324e-34
chr3	85227875	85228138	Chimp_hypo_ND	Human-specific	264	4	-23.1195545033211	0.8623	0.9602	0.5663	0.9237	0.5119	0.8789	9.49181555874258e-08	0.691868024004969	4.98342967760316e-08
chr17	59703642	59704046	Chimp_hypo_ND	Human-specific	405	4	-23.0982594408186	0.9388	0.9389	0.686	0.905	0.7397	0.9389	1.09985898115361e-11	0.917378113227596	3.86059911163115e-14
chr4	60506465	60507215	Chimp_hypo_ND	Human-specific	751	4	-23.0858393307181	0.7669	0.8327	0.533	0.8984	0.5047	0.8566	1.21842858913334e-10	0.962701820877296	5.75757064247854e-11
chr5	160742831	160742972	Chimp_hypo_ND	Human-specific	142	4	-23.0463583029901	0.9134	0.9575	0.7828	0.972	0.7969	0.9622	5.42722457468403e-08	0.295312977153234	2.31173293512876e-07
chr13	42629222	42629459	Chimp_hypo_ND	Human-specific	238	5	-23.0289336942545	0.851	0.9465	0.6284	0.9318	0.6672	0.9408	7.28088440793048e-12	0.822975403533231	3.17923895958578e-11
chr1	15298200	15298285	Chimp_hypo_ND	Human-specific	86	5	-22.9800669542508	0.7745	0.6497	0.3468	0.6442	0.4805	0.6668	9.53270271438186e-06	0.218424289555681	0.000155135773553363
chr1	66870220	66871013	Chimp_hypo_ND	Human-specific	794	7	-22.977145135991	0.9268	0.9263	0.8017	0.9202	0.7317	0.9292	3.90317943673242e-06	0.287691012695343	2.9897483085207e-12
chr9	122491704	122492005	Chimp_hypo_ND	Human-specific	302	4	-22.9303935739233	0.938	0.9153	0.7938	0.9369	0.7246	0.8518	6.66537069703396e-10	0.294807377867679	6.62306852574858e-09
chr4	152642368	152642867	Chimp_hypo_ND	Human-specific	500	6	-22.8884078322704	0.889	0.9568	0.6246	0.913	0.516	0.9384	1.71180516092903e-12	0.00146202159202764	4.1608348369319e-39
chr4	33431935	33432325	Chimp_hypo_ND	Human-specific	391	5	-22.8634467589262	0.8971	0.8887	0.7115	0.8839	0.6011	0.9154	8.43748773230378e-11	0.000552791510925797	7.80009741676756e-33
chr16	17913204	17913527	Chimp_hypo_ND	Human-specific	324	5	-22.8477418146076	0.7976	0.8624	0.6188	0.9153	0.3694	0.9199	1.42152303065781e-11	4.06506499351884e-07	8.39801632678162e-34
chr22	43835141	43837589	Chimp_hypo_ND	Human-specific	2449	4	-22.7946014203907	0.652	0.7879	0.3999	0.8947	0.3624	0.7402	8.1959019806228e-60	3.69827367316434e-14	7.80417632612866e-37
chr1	235904747	235905022	Chimp_hypo_ND	Human-specific	276	4	-22.6967013368353	0.918	0.9546	0.6997	0.9595	0.6615	0.9639	3.45971994961842e-10	0.26417878589956	7.23263918884892e-18
chr10	126193713	126194001	Chimp_hypo_ND	Human-specific	289	4	-22.675028995537	0.6972	0.8462	0.4835	0.891	0.2738	0.7286	3.40555639356737e-09	0.747567535972671	1.97505686145021e-10
chr3	87547373	87549753	Chimp_hypo_ND	Human-specific	2381	6	-22.6724829734903	0.8685	0.8762	0.7627	0.8676	0.801	0.9028	6.41596219961094e-06	0.596309544415353	2.998177132194e-08
chr14	80764954	80765173	Chimp_hypo_ND	Human-specific	220	4	-22.6376358086165	0.9597	0.9508	0.748	0.9456	0.8059	0.9109	1.48159321840287e-24	0.000137908640155476	3.57563965856928e-08
chr14	52152450	52152958	Chimp_hypo_ND	Human-specific	509	5	-22.6341535598295	0.8486	0.8958	0.6598	0.887	0.3832	0.7607	9.45287742544386e-07	0.118672966303161	1.00601801758702e-14
chr7	29953808	29954147	Chimp_hypo_ND	Human-specific	340	4	-22.6300383378114	0.8324	0.9598	0.5207	0.9587	0.3767	0.9214	4.49663285793046e-08	0.162574538424666	9.73665859865973e-18
chr6	18990147	18990290	Chimp_hypo_ND	Human-specific	144	4	-22.6111524842452	0.8926	0.8467	0.7669	0.902	0.4239	0.7181	6.15559052651382e-14	0.0224259942997852	7.21903061035469e-23
chr12	24907253	24907655	Chimp_hypo_ND	Human-specific	403	4	-22.5335297060893	0.9017	0.9579	0.4888	0.9118	0.5213	0.9525	7.61676109145467e-08	0.481513182847935	6.27742127536732e-31
chr10	133750040	133750354	Chimp_hypo_ND	Human-specific	315	5	-22.4575366153996	0.9177	0.9147	0.6448	0.8227	0.774	0.9243	3.37273209841142e-08	0.701257316414525	2.15170327465506e-11
chr6	572503	573205	Chimp_hypo_ND	Human-specific	703	6	-22.445978117638	0.945	0.9214	0.7694	0.8952	0.6861	0.8402	3.15982227939996e-12	0.433206940418123	7.99878141971645e-24
chr6	38126443	38126560	Chimp_hypo_ND	Human-specific	118	5	-22.4387681268608	0.6222	0.8297	0.3881	0.8857	0.4267	0.9262	7.87661562627663e-06	0.997706283462837	6.91553075045821e-08
chr4	115174010	115174742	Chimp_hypo_ND	Human-specific	733	4	-22.3631906903647	0.8708	0.8618	0.5489	0.8508	0.3404	0.6437	1.99488981635253e-09	0.546180561022858	6.60621794998284e-08
chr6	164405369	164405693	Chimp_hypo_ND	Human-specific	325	5	-22.2863743459631	0.8356	0.8113	0.7123	0.9118	0.6074	0.9446	1.4661333187184e-08	1.03796875183675e-05	3.50040895210133e-20
chr4	113655079	113655210	Chimp_hypo_ND	Human-specific	132	6	-22.17783753423	0.9016	0.9599	0.7355	0.954	0.7629	0.9544	0.000530038013986014	0.480694047032367	0.000587116295599526
chr21	23376292	23376421	Chimp_hypo_ND	Human-specific	130	7	-22.0927875667247	0.834	0.9398	0.7204	0.9566	0.7149	0.9686	0.00121593408231869	0.621987222952039	7.52229947253914e-07
chr2	3714382	3715085	Chimp_hypo_ND	Human-specific	704	6	-22.0866393062195	0.8324	0.9115	0.63	0.9433	0.7118	0.9167	1.53404825578444e-11	0.000215841691696709	1.97205329327911e-06
chr3	13045154	13046766	Chimp_hypo_ND	Human-specific	1613	4	-22.0062923747793	0.8035	0.8626	0.6037	0.8575	0.6554	0.848	4.63261742356767e-17	8.46638315149474e-06	1.7052835760172e-08
chr15	42765036	42765462	Chimp_hypo_ND	Human-specific	427	5	-21.8875962845713	0.8506	0.9406	0.5496	0.9048	0.5083	0.935	1.01085512781493e-08	0.00503145474738652	1.51289104806114e-20
chr6	24141948	24142577	Chimp_hypo_ND	Human-specific	630	5	-21.8776121261681	0.6097	0.8523	0.3977	0.885	0.4832	0.9293	7.91619471105435e-14	0.797525466125188	5.60119442895456e-11
chr9	90830246	90830898	Chimp_hypo_ND	Human-specific	653	6	-21.8720215138621	0.5797	0.8922	0.2989	0.7905	0.412	0.8426	3.98905633208725e-06	0.603629321172704	0.00443968660800923
chr13	78085667	78086138	Chimp_hypo_ND	Human-specific	472	5	-21.866282194254	0.8958	0.8334	0.665	0.866	0.6496	0.785	1.02150420268027e-15	0.020710434548077	1.84684261956422e-11
chr6	10535636	10536267	Chimp_hypo_ND	Human-specific	632	4	-21.80915303382	0.9545	0.9096	0.6028	0.8401	0.598	0.7316	3.10198234314583e-09	0.216519164578575	6.13280476698527e-12
chr6	150848291	150848765	Chimp_hypo_ND	Human-specific	475	5	-21.7972071815631	0.909	0.9359	0.6917	0.8832	0.2326	0.8358	2.87886884055029e-06	1.04578130825574e-09	2.99928074783492e-49
chr13	34993592	34994138	Chimp_hypo_ND	Human-specific	547	5	-21.698477236062	0.7639	0.8711	0.5062	0.8186	0.2397	0.5818	2.54123654801035e-11	0.306655662799498	2.80163830044697e-08
chr10	93891197	93892017	Chimp_hypo_ND	Human-specific	821	5	-21.6723032073056	0.7669	0.8956	0.5094	0.7752	0.6351	0.9253	8.56877082972525e-05	0.00199434139030369	1.55048367118219e-11
chr10	106018484	106018556	Chimp_hypo_ND	Human-specific	73	4	-21.6632756583959	0.9568	0.9411	0.7587	0.9656	0.7363	0.9544	3.53810561740328e-15	0.996553151609934	7.17296160324846e-21
chr3	77120435	77120641	Chimp_hypo_ND	Human-specific	207	4	-21.6469110708664	0.8253	0.9633	0.6051	0.9609	0.6597	0.9631	3.009693736909e-09	0.493357293536289	8.04598688072776e-05
chr20	46329932	46330073	Chimp_hypo_ND	Human-specific	142	4	-21.5883056494704	0.916	0.9011	0.6934	0.9435	0.7679	0.9038	7.66206196132446e-15	0.0023649503374797	6.06699056079605e-12
chr6	40244054	40244244	Chimp_hypo_ND	Human-specific	191	5	-21.5190762530797	0.8969	0.9269	0.6853	0.9277	0.4337	0.8237	3.20299948306952e-06	0.0529283533794578	4.22059768611683e-10
chr8	64599490	64599715	Chimp_hypo_ND	Human-specific	226	5	-21.4191886125666	0.8135	0.9382	0.5319	0.9117	0.5888	0.9295	1.65640740846802e-14	0.385079802280964	9.16761819482874e-10
chr4	7312576	7312941	Chimp_hypo_ND	Human-specific	366	5	-21.3913210597907	0.8129	0.8599	0.5784	0.84	0.679	0.8404	1.18767884849682e-10	0.0282495988153166	9.32317014043444e-06
chr8	9237413	9237842	Chimp_hypo_ND	Human-specific	430	5	-21.3864903944273	0.9338	0.9222	0.5709	0.7946	0.4767	0.9222	2.86884169533198e-11	7.6988735639052e-10	1.09291928027102e-52
chr7	112073906	112074019	Chimp_hypo_ND	Human-specific	114	5	-21.3819593844785	0.9373	0.9719	0.7354	0.9594	0.759	0.9412	0.000213381182263879	0.444067337564898	0.00013298897014952
chr1	209116857	209117130	Chimp_hypo_ND	Human-specific	274	5	-21.3714294495359	0.7846	0.9351	0.5119	0.9475	0.3766	0.947	2.15610871244019e-11	0.00372279730328016	4.29703432477639e-31
chr2	43285699	43286395	Chimp_hypo_ND	Human-specific	697	6	-21.2550044131009	0.8774	0.7919	0.6463	0.7857	0.5849	0.7095	8.02393506706302e-07	0.950811064588707	1.37124529831767e-10
chr5	13380167	13380439	Chimp_hypo_ND	Human-specific	273	4	-21.1742460270694	0.915	0.887	0.7366	0.9245	0.2898	0.6818	4.05863510872344e-11	0.0295905318262355	6.79423461501402e-25
chr8	102450466	102450643	Chimp_hypo_ND	Human-specific	178	5	-21.150553109984	0.8788	0.9476	0.5874	0.9105	0.3769	0.9154	9.14856586826005e-08	3.00104428670767e-05	3.49050236992739e-39
chr1	240650557	240651166	Chimp_hypo_ND	Human-specific	610	4	-21.1411010780744	0.8796	0.904	0.597	0.8709	0.4148	0.9065	3.53709788105446e-09	2.33339008747751e-05	4.3582343273344e-62
chr1	181781008	181781494	Chimp_hypo_ND	Human-specific	487	4	-21.0447130761134	0.7817	0.7307	0.465	0.7081	0.5363	0.73	5.29076262135062e-11	0.9119446024002	1.38954788391736e-17
chr10	129084322	129084693	Chimp_hypo_ND	Human-specific	372	5	-21.0208648327915	0.8478	0.8911	0.7075	0.9342	0.6534	0.8388	1.2460758034467e-10	0.00686257770021339	5.36417778481651e-07
chr5	43278398	43278668	Chimp_hypo_ND	Human-specific	271	6	-20.9779423308903	0.846	0.9386	0.6791	0.9433	0.6554	0.9559	1.05530408169411e-08	0.785922591018418	2.04820632581289e-11
chr4	3221974	3222308	Chimp_hypo_ND	Human-specific	335	5	-20.9514848405014	0.5361	0.7633	0.2667	0.8243	0.2675	0.8562	4.12312824418459e-15	0.187571235672058	1.0482335198083e-21
chr14	77370443	77370531	Chimp_hypo_ND	Human-specific	89	4	-20.9153514718014	0.6648	0.808	0.4811	0.9527	0.3028	0.8286	4.08650790403983e-11	0.840587589575789	5.02926683308487e-14
chr18	77914823	77915395	Chimp_hypo_ND	Human-specific	573	5	-20.8883671549766	0.7617	0.7396	0.4922	0.6924	0.5577	0.7218	2.70721575689447e-12	0.132394108885168	2.09724425301165e-05
chr1	11884844	11885094	Chimp_hypo_ND	Human-specific	251	6	-20.8839068585403	0.8596	0.9453	0.6088	0.9482	0.3228	0.6315	6.4828555343584e-09	0.215430523774581	0.000218736788046941
chr5	13718970	13719093	Chimp_hypo_ND	Human-specific	124	4	-20.8262680816991	0.9658	0.9533	0.788	0.9434	0.6623	0.9584	5.11586809029312e-12	0.000500043984531213	1.86836475129572e-23
chr10	12758448	12758659	Chimp_hypo_ND	Human-specific	212	4	-20.8047931599211	0.9289	0.9331	0.5646	0.8812	0.4774	0.8857	3.78767056480757e-11	0.208435519938756	5.21384059770996e-34
chr9	90904631	90904929	Chimp_hypo_ND	Human-specific	299	5	-20.6909101695944	0.9324	0.9321	0.8259	0.9467	0.6794	0.7902	6.61027087826832e-07	0.230606743834532	3.58347379642401e-06
chr5	1489581	1489802	Chimp_hypo_ND	Human-specific	222	5	-20.6743533373889	0.8072	0.953	0.5629	0.9543	0.5078	0.9394	2.51329007681092e-06	0.627527570010532	3.68872114404863e-14
chr15	54327879	54328053	Chimp_hypo_ND	Human-specific	175	4	-20.6163056152421	0.9457	0.9263	0.7273	0.9142	0.7601	0.8889	4.04622735277677e-12	0.199565386659514	2.58511802112865e-12
chr14	51714570	51714723	Chimp_hypo_ND	Human-specific	154	4	-20.5437252111805	0.9683	0.9602	0.8098	0.9602	0.8232	0.9656	1.8905567108748e-20	0.44083426162391	1.69962158609928e-16
chr9	114899580	114900113	Chimp_hypo_ND	Human-specific	534	4	-20.5291677581457	0.8537	0.9667	0.5237	0.9389	0.4488	0.8323	1.28009726436762e-11	0.830487791224918	2.51404704236656e-05
chr7	81305782	81306682	Chimp_hypo_ND	Human-specific	901	4	-20.2775352344932	0.8348	0.8072	0.5834	0.8276	0.5888	0.903	1.02775235845751e-15	0.0307294615964453	2.04478413042402e-26
chr2	129733125	129733331	Chimp_hypo_ND	Human-specific	207	4	-20.2326688659453	0.9469	0.9666	0.6896	0.8961	0.7242	0.9386	2.07781842761218e-05	0.352018068571067	1.16804729325175e-13
chr18	58941238	58942834	Chimp_hypo_ND	Human-specific	1597	5	-20.1968986617106	0.9544	0.9018	0.7566	0.8914	0.7786	0.8931	1.54160176609188e-10	0.416727372237399	7.15968823373078e-18
chr8	55192461	55192648	Chimp_hypo_ND	Human-specific	188	5	-20.1958773191419	0.8623	0.7747	0.5526	0.6973	0.6626	0.8112	2.50265215171393e-07	0.803337317687231	3.58185353925698e-13
chr2	136107409	136107830	Chimp_hypo_ND	Human-specific	422	5	-20.1533333711546	0.8803	0.9636	0.7732	0.962	0.7251	0.9374	4.22375349287452e-05	0.863190046313172	9.92404072817677e-05
chr2	98816415	98816573	Chimp_hypo_ND	Human-specific	159	4	-20.1468347789874	0.9411	0.9269	0.7954	0.9348	0.7958	0.9185	2.17621217710645e-12	0.39221545393755	3.92796387345582e-09
chr3	53416180	53416544	Chimp_hypo_ND	Human-specific	365	4	-20.1197763158267	0.9104	0.9324	0.6888	0.9531	0.6605	0.8313	8.49165505925722e-19	0.00542848187391608	0.000551899785987459
chr12	18852748	18853420	Chimp_hypo_ND	Human-specific	673	4	-20.0907636375507	0.7275	0.9423	0.4309	0.9326	0.2521	0.6784	2.34249208931551e-10	0.00228157373097177	8.08501490772853e-07
chr21	45353179	45353269	Chimp_hypo_ND	Human-specific	91	4	-20.0347696387432	0.8145	0.805	0.589	0.8554	0.4606	0.6398	1.1620808014034e-11	0.0820960100302921	2.53098181541426e-07
chr7	18173395	18173552	Chimp_hypo_ND	Human-specific	158	4	-20.0281679331992	0.6552	0.9593	0.3957	0.944	0.5247	0.9699	5.52740929300659e-07	0.0927953631778184	0.00044833882421351
chr2	1792873	1793057	Chimp_hypo_ND	Human-specific	185	4	-19.9952821125185	0.9196	0.9622	0.6932	0.9485	0.7492	0.9608	2.26090066328135e-07	0.801813908689905	6.20384684663173e-17
chr11	66430033	66430370	Chimp_hypo_ND	Human-specific	338	4	-19.9913528773312	0.9006	0.9405	0.6633	0.9269	0.5365	0.9376	2.26773988711732e-15	0.002576692878761	1.98939541011187e-33
chr12	95197137	95197428	Chimp_hypo_ND	Human-specific	292	4	-19.9776721573391	0.8353	0.8712	0.5986	0.8918	0.2929	0.8069	1.65413065536467e-08	0.000594727102617696	1.65834755937366e-17
chr13	81070644	81071122	Chimp_hypo_ND	Human-specific	479	4	-19.9402271581469	0.8834	0.9114	0.7242	0.9302	0.3827	0.8016	8.05965805006037e-19	2.89083341107344e-07	2.34827945827856e-37
chr2	128880136	128881020	Chimp_hypo_ND	Human-specific	885	4	-19.8674672529874	0.8891	0.8915	0.7527	0.8792	0.468	0.835	1.183394096832e-07	6.41069250218699e-13	3.28636983199705e-40
chr21	44177466	44177561	Chimp_hypo_ND	Human-specific	96	4	-19.8333142667353	0.9464	0.9726	0.6888	0.957	0.4679	0.9414	1.20345257669764e-12	0.000601443663102745	5.84641395519099e-45
chr12	115300438	115300788	Chimp_hypo_ND	Human-specific	351	4	-19.7433265162867	0.9381	0.9376	0.7717	0.9548	0.5206	0.947	2.96523078317648e-11	2.12505739008953e-06	2.33244232627097e-36
chr8	110582948	110584609	Chimp_hypo_ND	Human-specific	1662	5	-19.6554642166986	0.6726	0.7901	0.4971	0.8218	0.5549	0.7983	1.79731212393338e-11	9.77593250951601e-05	2.40788786349967e-06
chr20	25208218	25208853	Chimp_hypo_ND	Human-specific	636	4	-19.6281637442368	0.7315	0.8328	0.3074	0.6903	0.1609	0.3931	6.97825804294606e-21	0.000502067953869046	8.30487542015794e-05
chr2	46028088	46028330	Chimp_hypo_ND	Human-specific	243	4	-19.5631945688211	0.9181	0.9634	0.7004	0.9689	0.765	0.9241	6.91017075844498e-09	0.00232709264691772	0.00156505147567882
chr22	19902055	19902362	Chimp_hypo_ND	Human-specific	308	5	-19.5320863752678	0.8869	0.9563	0.7692	0.9671	0.6636	0.9027	1.65052698638572e-07	0.770735799854601	6.69887762757783e-05
chr3	82016312	82017626	Chimp_hypo_ND	Human-specific	1315	4	-19.5024854006458	0.9042	0.9312	0.7737	0.9296	0.586	0.9142	8.75419834335754e-07	5.4874697130981e-06	9.41651598093929e-35
chr1	167264334	167265076	Chimp_hypo_ND	Human-specific	743	4	-19.462626777621	0.7564	0.8067	0.445	0.7452	0.4629	0.8575	0.000106163827897828	0.000607316387930027	3.74012172693445e-24
chr16	70567381	70567718	Chimp_hypo_ND	Human-specific	338	4	-19.4491287616356	0.7133	0.7006	0.4929	0.6748	0.5684	0.7315	5.52632897994756e-09	0.177764946654745	4.6062606329528e-07
chr5	65596829	65597045	Chimp_hypo_ND	Human-specific	217	4	-19.4433547427038	0.8722	0.894	0.6707	0.8744	0.6876	0.8924	1.55806774838041e-08	0.953979328060195	2.13277379334468e-08
chr11	31843855	31843964	Chimp_hypo_ND	Human-specific	110	5	-19.3556324563979	0.8471	0.8986	0.6951	0.8984	0.4702	0.8066	0.000209498655554177	0.241576044447468	4.0203775628084e-11
chr4	172619420	172620860	Chimp_hypo_ND	Human-specific	1441	4	-19.3424305429687	0.923	0.841	0.7268	0.8779	0.6074	0.8852	1.03854241305993e-13	2.73379846498941e-06	4.32224414427087e-65
chr10	76689058	76689197	Chimp_hypo_ND	Human-specific	140	4	-19.3393476964727	0.7802	0.8362	0.6292	0.9153	0.3845	0.8164	6.02279696787465e-09	0.0297440073898173	2.6190207496659e-17
chr6	161371624	161371939	Chimp_hypo_ND	Human-specific	316	4	-19.3260632793103	0.7663	0.778	0.5556	0.842	0.5318	0.9322	2.41295268219316e-11	0.000317237188654812	2.39486258941518e-35
chr4	103550894	103550994	Chimp_hypo_ND	Human-specific	101	5	-19.2275540824917	0.7986	0.9534	0.5678	0.9651	0.4932	0.9553	8.2464479798592e-07	0.513563299016131	3.7493247586351e-14
chr2	137159982	137160196	Chimp_hypo_ND	Human-specific	215	5	-19.1749098986177	0.8928	0.9202	0.7451	0.9245	0.7893	0.9028	4.08013400601457e-08	0.160790131387442	0.0075895308351693
chr21	31995691	31996098	Chimp_hypo_ND	Human-specific	408	4	-19.1258194731232	0.9318	0.9015	0.718	0.899	0.5321	0.8286	1.49584423873179e-13	0.132562560239251	6.57348516718704e-21
chr17	741795	742090	Chimp_hypo_ND	Human-specific	296	5	-19.10957313163	0.8242	0.957	0.622	0.9408	0.5292	0.9471	1.39597342142399e-05	0.021991676210711	2.35564457354678e-10
chr5	153268359	153269112	Chimp_hypo_ND	Human-specific	754	4	-19.0401568261455	0.9368	0.9498	0.6859	0.9348	0.7341	0.9595	6.22675464337976e-14	0.707555902097859	5.74648390990349e-16
chr3	150999938	151000233	Chimp_hypo_ND	Human-specific	296	4	-19.0244071275872	0.7923	0.9657	0.5606	0.9593	0.6235	0.9603	1.31874911238314e-06	0.131739303652502	8.77857821646851e-08
chr3	17084076	17084422	Chimp_hypo_ND	Human-specific	347	4	-18.940065974544	0.8396	0.9655	0.6352	0.9638	0.7205	0.9635	3.42675470348186e-08	0.0241300198582499	1.37490456202092e-07
chr19	15465156	15465228	Chimp_hypo_ND	Human-specific	73	5	-18.9148546258834	0.8427	0.9648	0.6184	0.9633	0.4548	0.9246	1.4007125142551e-11	0.156708020209658	4.41159953441083e-20
chr2	69734616	69734678	Chimp_hypo_ND	Human-specific	63	4	-18.8117234849464	0.458	0.9408	0.2681	0.9541	0.2655	0.9477	3.40876841597113e-06	0.93853566171684	7.99577064683754e-06
chr5	20445013	20445384	Chimp_hypo_ND	Human-specific	372	4	-18.7781509081932	0.8023	0.7693	0.5548	0.7894	0.5152	0.6492	1.73757162824036e-09	0.0090948185092743	3.17925152316025e-07
chr7	68869521	68870017	Chimp_hypo_ND	Human-specific	497	5	-18.777529108638	0.8312	0.9418	0.438	0.8706	0.5355	0.9311	1.15860960096381e-08	0.797245375826783	2.49462053704411e-21
chr2	95785664	95785786	Chimp_hypo_ND	Human-specific	123	4	-18.7519294194394	0.8716	0.8584	0.6852	0.8954	0.3784	0.5391	2.1270545781138e-13	0.195864349095378	8.35641993121988e-05
chr8	116425479	116425685	Chimp_hypo_ND	Human-specific	207	4	-18.7270296072044	0.9133	0.96	0.7044	0.9575	0.5644	0.9695	4.86822134166379e-09	0.000477667744752855	1.71286344418549e-33
chr6	40594361	40594829	Chimp_hypo_ND	Human-specific	469	4	-18.6642389168372	0.9247	0.9489	0.78	0.951	0.6149	0.9036	7.74212892396283e-07	0.293187659786433	2.7886414417554e-08
chr7	87020969	87022054	Chimp_hypo_ND	Human-specific	1086	5	-18.6375311987975	0.7954	0.8881	0.5913	0.932	0.683	0.9335	1.55236401772441e-12	0.0909541365060214	2.35867546886328e-19
chr11	121548434	121548499	Chimp_hypo_ND	Human-specific	66	4	-18.6142611842474	0.8078	0.9528	0.4734	0.9335	0.5682	0.9387	2.43688668599732e-05	0.306657627831814	3.03491638017467e-05
chr11	60659275	60659409	Chimp_hypo_ND	Human-specific	135	4	-18.5822355330041	0.723	0.8853	0.506	0.9151	0.5391	0.9329	7.155603482134e-11	0.858755125452359	2.47505618434787e-11
chr1	204321776	204321850	Chimp_hypo_ND	Human-specific	75	4	-18.5600335201555	0.8297	0.9244	0.6622	0.9448	0.6022	0.851	1.5602725554009e-14	0.00281263104482836	0.000937237261556421
chr8	12588030	12588595	Chimp_hypo_ND	Human-specific	566	4	-18.5475907277644	0.8944	0.9525	0.6293	0.9458	0.4279	0.9152	1.29693356734654e-06	0.0767247209223587	8.10248226144898e-29
chr18	21777242	21777297	Chimp_hypo_ND	Human-specific	56	4	-18.5390139784366	0.8217	0.9543	0.617	0.9637	0.6942	0.9685	2.22094199317812e-10	0.0829741321135636	0.000237057899232938
chr2	115564501	115564651	Chimp_hypo_ND	Human-specific	151	4	-18.517385718278	0.7379	0.9134	0.4793	0.9311	0.5851	0.9141	6.49342043206621e-07	0.0592788703508007	1.95693458414973e-06
chr10	68760131	68760951	Chimp_hypo_ND	Human-specific	821	4	-18.4756944193343	0.7885	0.8435	0.5371	0.8619	0.4644	0.7397	1.26587059940306e-10	0.0179506084370775	0.00411420185130744
chr3	186110941	186111720	Chimp_hypo_ND	Human-specific	780	4	-18.4164411402223	0.9248	0.9285	0.7825	0.9333	0.7688	0.9257	1.19434369937867e-17	0.549855464721891	1.27977602306052e-11
chr13	98552160	98552389	Chimp_hypo_ND	Human-specific	230	4	-18.2875529788558	0.7645	0.868	0.4916	0.8827	0.6279	0.9415	1.81355668628176e-08	0.590875459938954	3.63301130798585e-08
chr2	106682842	106683149	Chimp_hypo_ND	Human-specific	308	4	-18.1366205897869	0.7707	0.7184	0.5537	0.8503	0.3372	0.5113	6.75247372351531e-12	0.0529149102572532	3.79265900187215e-05
chr5	77146261	77146318	Chimp_hypo_ND	Human-specific	58	5	-18.1198447920769	0.8554	0.927	0.7114	0.9485	0.4446	0.8582	0.000690191223468442	0.166963322108655	3.20601482759437e-10
chr20	32380759	32381789	Chimp_hypo_ND	Human-specific	1031	4	-18.0799223339655	0.7848	0.8792	0.4826	0.8733	0.5823	0.8053	6.02095969369851e-17	2.63128450868267e-05	7.06651238717027e-07
chr8	84875770	84875921	Chimp_hypo_ND	Human-specific	152	4	-18.0181343537546	0.924	0.8875	0.8067	0.9194	0.6671	0.9221	9.2398882266579e-10	5.99345903119434e-05	9.04841541303395e-32
chr13	42249369	42249835	Chimp_hypo_ND	Human-specific	467	4	-17.9030280681678	0.8577	0.961	0.6068	0.9565	0.4203	0.9496	4.29861834496515e-08	0.000189382331886547	1.29804922039378e-34
chr1	232053651	232054260	Chimp_hypo_ND	Human-specific	610	4	-17.8193683342622	0.8916	0.9167	0.729	0.8949	0.5172	0.6749	0.000161378765281739	0.440367380333036	3.93401986208491e-05
chr13	106929305	106929513	Chimp_hypo_ND	Human-specific	209	4	-17.7319766606386	0.737	0.9625	0.5443	0.9702	0.5174	0.9268	1.33126685891961e-06	0.122937351431115	5.70879707126089e-05
chr3	4860997	4861254	Chimp_hypo_ND	Human-specific	258	4	-17.7316686136314	0.9504	0.9609	0.7159	0.9655	0.331	0.9274	3.09687911958817e-14	3.88712918609513e-09	3.45211323919689e-42
chr12	132943830	132943965	Chimp_hypo_ND	Human-specific	136	5	-17.7052470507151	0.8492	0.9267	0.5688	0.8547	0.4004	0.8227	1.0664545874485e-05	0.0048012623360379	5.42927926845508e-14
chr2	36758172	36758860	Chimp_hypo_ND	Human-specific	689	4	-17.6918182047402	0.8192	0.9334	0.4602	0.9236	0.4922	0.9389	1.95002184748591e-11	0.977517088368952	2.01606973033707e-10
chr5	64275502	64276139	Chimp_hypo_ND	Human-specific	638	4	-17.5536476225768	0.7584	0.8761	0.6142	0.8691	0.4999	0.9368	0.000701017923875561	8.80367133659329e-08	1.69919889239333e-21
chr5	88737231	88738218	Chimp_hypo_ND	Human-specific	988	4	-17.5394519421131	0.8719	0.9653	0.7186	0.9686	0.5705	0.9565	1.1798553235852e-13	5.20893017275635e-05	5.47708131254281e-37
chr1	92220480	92220643	Chimp_hypo_ND	Human-specific	164	5	-17.4528623544231	0.9017	0.9423	0.7864	0.9435	0.4859	0.8456	3.73965538512128e-06	0.00173080125380702	1.62212702483843e-19
chr16	27499416	27499487	Chimp_hypo_ND	Human-specific	72	5	-17.4344706677267	0.8382	0.9275	0.7236	0.9234	0.4427	0.9204	0.000645653058469481	7.4373517910637e-06	4.60032562449943e-27
chr2	202086608	202086746	Chimp_hypo_ND	Human-specific	139	4	-17.3148368681783	0.9638	0.9636	0.7756	0.9406	0.5267	0.9036	3.13609602724136e-08	0.00140337124311802	3.3020211908621e-18
chr17	40548781	40548842	Chimp_hypo_ND	Human-specific	62	6	-17.2867506325948	0.9227	0.9512	0.7853	0.9319	0.7886	0.9266	0.00118546567850402	0.594334345526234	0.000363853694988528
chr17	11358434	11358698	Chimp_hypo_ND	Human-specific	265	4	-17.2699510200273	0.7782	0.92	0.5817	0.9572	0.5768	0.966	2.01742820998197e-07	0.470949362614357	1.92719042941925e-10
chr10	122494301	122494566	Chimp_hypo_ND	Human-specific	266	4	-17.1966286938199	0.9108	0.9422	0.8032	0.9533	0.6482	0.8308	4.7189433437916e-07	0.564285824515707	3.79545451105143e-06
chr4	120063455	120063951	Chimp_hypo_ND	Human-specific	497	4	-17.1542040420655	0.818	0.9109	0.6988	0.9061	0.6752	0.9462	0.00142444640269006	0.00428640855912452	2.5794368404645e-09
chr19	32207973	32208040	Chimp_hypo_ND	Human-specific	68	5	-17.0201610562774	0.7612	0.8866	0.5974	0.8962	0.6214	0.8996	0.000380186064938461	0.914182748155003	0.000132606817663216
chr18	56213161	56213360	Chimp_hypo_ND	Human-specific	200	5	-16.9777238642381	0.872	0.9165	0.6925	0.9025	0.7772	0.9258	1.61247563022157e-05	0.15067082454594	0.00495618611895662
chr12	131402317	131402378	Chimp_hypo_ND	Human-specific	62	4	-16.8989551838545	0.9635	0.9567	0.7091	0.8878	0.3614	0.6964	2.25361745570381e-05	0.0917796500861405	1.47876892687633e-19
chr16	82429407	82429854	Chimp_hypo_ND	Human-specific	448	4	-16.897249845588	0.9333	0.9256	0.7797	0.9264	0.7756	0.9661	3.69093827169592e-09	0.451830180852031	1.01561629435733e-13
chr15	33635946	33636259	Chimp_hypo_ND	Human-specific	314	4	-16.8943552237825	0.801	0.925	0.6017	0.8882	0.4414	0.7233	0.000393699158071303	0.563267708121983	6.35623850742798e-05
chr10	1258191	1258291	Chimp_hypo_ND	Human-specific	101	4	-16.8154950500229	0.7749	0.8113	0.5822	0.851	0.6351	0.9279	8.73848296402826e-06	0.589812981111198	3.67794614306181e-11
chr13	22370029	22370332	Chimp_hypo_ND	Human-specific	304	4	-16.7962881834455	0.8829	0.9323	0.7128	0.9383	0.7715	0.9413	1.48446441781001e-07	0.203033048873318	0.00010599176289119
chr1	7031384	7031527	Chimp_hypo_ND	Human-specific	144	5	-16.6950271119671	0.5674	0.8813	0.4328	0.9134	0.4321	0.9239	3.23159830290741e-06	0.654188258211154	9.54398439582455e-07
chr2	179615305	179615486	Chimp_hypo_ND	Human-specific	182	4	-16.4923492498511	0.9274	0.9399	0.8125	0.9529	0.7634	0.9491	5.56887567427985e-07	0.12088298556345	3.30628501841177e-15
chr12	4463990	4464186	Chimp_hypo_ND	Human-specific	197	4	-16.4346511274162	0.8377	0.9521	0.5263	0.9439	0.3437	0.8949	2.24385828463555e-10	0.0720281274885902	9.18935301524628e-18
chr17	40929827	40930294	Chimp_hypo_ND	Human-specific	468	4	-16.4035183767994	0.9128	0.9204	0.7455	0.9525	0.7982	0.9471	2.66625342272252e-08	0.0909541365060214	7.25435044468186e-11
chr14	89651958	89652118	Chimp_hypo_ND	Human-specific	161	4	-16.3410006101585	0.8519	0.9192	0.675	0.948	0.5035	0.92	5.89875929899357e-08	0.0754935500847738	1.09852655808435e-14
chr12	46832202	46832687	Chimp_hypo_ND	Human-specific	486	4	-16.106470934616	0.762	0.8867	0.6085	0.9058	0.5392	0.8905	2.15086709653597e-06	0.158593607655415	1.55711985070312e-12
chr3	62089141	62089599	Chimp_hypo_ND	Human-specific	459	4	-16.0877155115098	0.9374	0.9345	0.7613	0.9305	0.6899	0.8846	2.14000047245032e-06	0.940078897846129	9.24158643675622e-15
chr2	46123515	46123951	Chimp_hypo_ND	Human-specific	437	4	-16.0539084583477	0.9122	0.9577	0.7114	0.9308	0.7101	0.8889	7.50410967674923e-09	0.0159292717591489	2.96111897628924e-06
chr8	119380078	119380493	Chimp_hypo_ND	Human-specific	416	4	-16.0498284832902	0.9196	0.9526	0.7455	0.9035	0.5237	0.9476	0.000532445745747923	6.40183644418015e-12	2.5185593949686e-42
chr17	79532882	79532945	Chimp_hypo_ND	Human-specific	64	4	-16.0434531569088	0.7896	0.9181	0.607	0.9627	0.4716	0.8062	8.32578127221068e-06	0.0864784252181131	0.00802429456851176
chr4	47442071	47442338	Chimp_hypo_ND	Human-specific	268	4	-16.023740483732	0.9038	0.8977	0.6672	0.8479	0.7007	0.9022	7.43951542992862e-12	0.384646232745158	1.20405509883298e-20
chr18	43433023	43433242	Chimp_hypo_ND	Human-specific	220	4	-15.9426788325203	0.8635	0.9589	0.6494	0.9417	0.3744	0.9442	1.67988123919963e-09	3.63302629788197e-07	3.99836971722822e-42
chr9	95983776	95984112	Chimp_hypo_ND	Human-specific	337	4	-15.9030489314732	0.8315	0.925	0.6691	0.9522	0.2593	0.857	3.84814442712254e-07	1.57357819568937e-08	3.35605213746586e-43
chr21	25834599	25835218	Chimp_hypo_ND	Human-specific	620	4	-15.8531306402664	0.8326	0.833	0.6537	0.8118	0.5454	0.6668	1.34143019473706e-06	0.381052456226923	7.26906189768565e-05
chr10	114930024	114930272	Chimp_hypo_ND	Human-specific	249	4	-15.8466618954741	0.9601	0.9434	0.7879	0.931	0.7431	0.9524	9.16329591162348e-07	0.131126159757341	1.28760621061425e-19
chr6	45678176	45678425	Chimp_hypo_ND	Human-specific	250	4	-15.8415941025485	0.7893	0.8478	0.6356	0.9149	0.3622	0.6934	1.40742313225275e-06	0.832678122365219	9.46371899434276e-08
chr15	26394320	26394529	Chimp_hypo_ND	Human-specific	210	4	-15.6299136133859	0.9389	0.957	0.7955	0.9313	0.4492	0.9549	5.48128912012036e-06	8.60963905353711e-13	9.35946314663287e-41
chr8	139498374	139498759	Chimp_hypo_ND	Human-specific	386	4	-15.5837595330137	0.5697	0.8338	0.3434	0.8524	0.414	0.9092	9.61265909975409e-09	0.802757029642491	7.51751073670477e-08
chr4	16520080	16520324	Chimp_hypo_ND	Human-specific	245	4	-15.5681712840167	0.8413	0.8413	0.7174	0.898	0.5894	0.8002	5.16377600860909e-09	0.460218253258941	2.53366442034353e-11
chr9	5420392	5420639	Chimp_hypo_ND	Human-specific	248	4	-15.5526749701159	0.9337	0.9535	0.7617	0.9306	0.5264	0.9419	4.67378826676767e-07	8.52769789034365e-08	2.01088110618622e-39
chr3	190096304	190096569	Chimp_hypo_ND	Human-specific	266	4	-15.4531666158425	0.8821	0.9321	0.7057	0.9273	0.6752	0.8996	3.68132244034071e-05	0.928580244319431	8.58791241514064e-08
chr16	9020208	9020795	Chimp_hypo_ND	Human-specific	588	4	-15.348372819218	0.8109	0.9524	0.5184	0.951	0.4005	0.962	5.6339133555467e-09	0.0190617707328489	1.60979402997632e-42
chr18	74568874	74569526	Chimp_hypo_ND	Human-specific	653	4	-15.3062427266326	0.8636	0.928	0.7022	0.9264	0.5411	0.8839	2.46480888978054e-11	5.66805559709054e-05	2.58650280305195e-23
chr15	73562474	73562536	Chimp_hypo_ND	Human-specific	63	4	-15.3014127535772	0.8867	0.9383	0.7547	0.9499	0.7076	0.9457	2.31066768638525e-07	0.578046042400576	1.40336205977197e-08
chr8	137157854	137159295	Chimp_hypo_ND	Human-specific	1442	4	-15.2127915692204	0.9095	0.9631	0.8024	0.9374	0.7024	0.9251	0.0144647034982588	0.00121445463884874	3.69330479981406e-11
chr12	16430706	16430985	Chimp_hypo_ND	Human-specific	280	4	-15.1134732503153	0.8809	0.8575	0.7515	0.8929	0.8075	0.9082	9.54465230814399e-05	0.520710918793958	5.81123806449311e-10
chr17	77006672	77006815	Chimp_hypo_ND	Human-specific	144	4	-15.088931123596	0.8632	0.9655	0.6668	0.9512	0.4405	0.8041	4.27442160968233e-08	0.897804939384853	1.71512612731344e-06
chr2	1637658	1637873	Chimp_hypo_ND	Human-specific	216	4	-15.058292833256	0.8775	0.9391	0.6148	0.9072	0.6338	0.9275	2.04213111168988e-07	0.847445942982229	1.51177537500491e-08
chr11	94066397	94066974	Chimp_hypo_ND	Human-specific	578	4	-15.0116239370316	0.7135	0.8522	0.6076	0.9068	0.6231	0.8977	0.0012782523412008	0.965838172350924	0.00024676864010661
chr1	11529222	11529546	Chimp_hypo_ND	Human-specific	325	4	-14.9429634647601	0.8657	0.8462	0.6507	0.877	0.4546	0.6594	2.83365969705135e-12	0.53376903213783	0.00239517266462372
chr8	143125225	143125278	Chimp_hypo_ND	Human-specific	54	4	-14.6844157984538	0.5601	0.9375	0.3825	0.9613	0.4674	0.9596	9.88800689171739e-05	0.224420562325119	0.0357991312500335
chr2	2126275	2126378	Chimp_hypo_ND	Human-specific	104	4	-14.6704951151871	0.9121	0.961	0.7661	0.9555	0.6011	0.9718	1.14413590397977e-06	1.96083600951289e-05	5.90494237357797e-19
chr17	71020521	71020905	Chimp_hypo_ND	Human-specific	385	4	-14.6342925674252	0.9179	0.9628	0.6436	0.9591	0.5265	0.9443	1.23959763802102e-13	0.092443278091339	7.0113398715775e-31
chr7	48262371	48262515	Chimp_hypo_ND	Human-specific	145	4	-14.5728999627061	0.8896	0.9435	0.7839	0.9438	0.6932	0.9375	0.0168665475603592	0.101146957628608	2.57113783529704e-10
chr10	29529750	29530106	Chimp_hypo_ND	Human-specific	357	4	-14.4941107844975	0.8669	0.8796	0.7088	0.9143	0.5946	0.7937	0.000536848710816158	0.463966250046238	0.000428654180921752
chr11	125191010	125191411	Chimp_hypo_ND	Human-specific	402	4	-14.484341002557	0.8953	0.9558	0.7642	0.9482	0.4383	0.9549	1.78798295694125e-07	7.0956124202865e-16	2.88964854626227e-65
chr20	51110427	51110892	Chimp_hypo_ND	Human-specific	466	4	-14.2516952603229	0.7508	0.8772	0.5768	0.9219	0.5052	0.9068	2.55454181804571e-06	0.262696023632629	1.59989461085712e-14
chr7	15625990	15626179	Chimp_hypo_ND	Human-specific	190	4	-14.2480329939624	0.8376	0.822	0.7046	0.8384	0.4069	0.5545	0.000134213909323814	0.947090351332225	0.000423908046444267
chr2	177608730	177609002	Chimp_hypo_ND	Human-specific	273	4	-14.1734935546006	0.6766	0.8071	0.4822	0.7687	0.4437	0.863	0.000337873649367855	0.000115489584422158	6.30429975299197e-16
chr16	83304172	83304277	Chimp_hypo_ND	Human-specific	106	4	-13.9217023088412	0.8445	0.9423	0.6671	0.9497	0.7055	0.938	0.000151158430205681	0.28067017365846	0.00257553285124809
chr17	74180099	74180580	Chimp_hypo_ND	Human-specific	482	4	-13.8835853111991	0.5933	0.6766	0.4366	0.6272	0.3933	0.6964	0.000540320874543391	0.10431294021918	1.87535114263313e-07
chr5	65822830	65823684	Chimp_hypo_ND	Human-specific	855	4	-13.8460112464527	0.7226	0.7782	0.5833	0.7863	0.6144	0.8375	0.0418423055695113	0.267302712428909	0.000233979757132003
chr5	167378427	167378631	Chimp_hypo_ND	Human-specific	205	4	-13.8450950117821	0.4638	0.8139	0.361	0.8685	0.3703	0.828	2.06030438390487e-05	0.0518252941228826	0.00335677640941648
chr3	11230053	11230148	Chimp_hypo_ND	Human-specific	96	4	-13.717478400453	0.8747	0.9303	0.7585	0.9381	0.4414	0.9027	1.46127998373061e-05	3.37130903346328e-05	2.26380847767773e-28
chr4	152679988	152680418	Chimp_hypo_ND	Human-specific	431	4	-13.647148715318	0.9386	0.9439	0.827	0.9312	0.7425	0.8972	2.80452845413736e-09	0.420409731112819	6.01838968029258e-10
chr5	10552532	10552628	Chimp_hypo_ND	Human-specific	97	4	-13.4735953526098	0.8104	0.9292	0.6506	0.9562	0.6897	0.9428	0.000192366023272052	0.339280574139703	0.0357646085696821
chr13	46928750	46929176	Chimp_hypo_ND	Human-specific	427	4	-13.4136669988445	0.7591	0.9433	0.6045	0.9542	0.4294	0.8603	1.08925788937928e-06	0.903711169412968	0.00109430326541805
chr7	158170091	158170297	Chimp_hypo_ND	Human-specific	207	4	-13.0691483716142	0.6908	0.9461	0.5021	0.9208	0.4529	0.9208	0.00406840837990195	0.312793086364825	0.00810322806082532
chr13	104368684	104369505	Chimp_hypo_ND	Human-specific	822	4	-13.0274146404846	0.7253	0.8936	0.4915	0.809	0.4098	0.9373	1.81026649887486e-09	1.10967646495628e-07	2.88086042978052e-34
chr5	81660312	81660386	Chimp_hypo_ND	Human-specific	75	4	-12.7359224784172	0.6387	0.7038	0.3801	0.6794	0.4336	0.7916	7.34042184739273e-05	0.471210241333074	8.95830965439991e-10
chr10	6771180	6771539	Chimp_hypo_ND	Human-specific	360	4	-12.4809690759885	0.6769	0.806	0.5098	0.8296	0.2892	0.7307	3.35072851073714e-07	0.0201861074380473	4.37519459267735e-14
chr9	15524977	15525028	Chimp_hypo_ND	Human-specific	52	4	-12.4304095139071	0.6595	0.9702	0.4918	0.9768	0.1925	0.9669	8.87269895144512e-05	9.90193499790621e-07	4.40385477975641e-34
chr4	173166602	173167352	Chimp_hypo_ND	Human-specific	751	4	-12.2360814033836	0.8258	0.8466	0.687	0.85	0.4067	0.6072	4.59832813551684e-08	0.926308006686403	1.40609109413058e-06
chr8	80095979	80096954	Chimp_hypo_ND	Human-specific	976	4	-11.6586129250887	0.8853	0.9213	0.7052	0.891	0.7747	0.9252	5.42205274753925e-08	0.6101666824944	6.06189791673771e-05
